31 stops, 45 old_students, 5 new_students, 10.0 max_walk, 45 capacity
1 50.0 50.0
2 73.79 83.987
3 86.29 24.412
4 71.835 68.737
5 41.938 69.727
6 55.498 27.85
7 87.628 69.577
8 73.796 29.025
9 13.611 12.129
10 15.855 53.908
11 74.423 89.226
12 65.089 80.378
13 68.777 89.504
14 67.497 78.203
15 75.704 80.302
16 76.419 86.452
17 77.837 28.383
18 92.611 20.983
19 82.213 21.24
20 84.692 25.435
21 80.169 20.049
22 72.834 64.781
23 70.502 63.693
24 68.934 67.214
25 65.874 75.085
26 72.752 77.967
27 27.816 70.685
28 49.588 66.702
29 43.672 70.837
30 40.105 72.433
1 74.138 82.97 10.0 1271.51
2 71.328 83.993 2.47 43.06
3 73.102 81.426 2.66 43.06
4 75.291 81.591 2.83 43.06
5 71.163 81.987 3.31 43.06
6 77.845 28.165 4.14 118.75
7 86.293 24.415 1.9 107.27
8 85.457 21.713 3.8 107.27
9 79.287 30.212 7.22 107.27
10 84.502 20.506 4.94 107.27
11 71.081 70.52 3.95 25.59
12 72.381 64.773 4.23 25.59
13 76.696 65.846 7.89 25.59
14 69.509 74.202 7.02 25.59
15 80.317 72.273 10.0 1271.51
16 36.605 72.443 5.99 254.17
17 47.437 66.522 6.37 254.17
18 47.326 74.497 7.2 254.17
19 40.205 70.202 1.8 254.17
20 43.854 72.569 3.43 254.17
21 53.924 27.886 1.58 137.08
22 52.2 35.376 10.0 1271.51
23 61.361 30.89 10.0 1271.51
24 47.514 26.452 8.11 137.08
25 51.147 26.941 4.45 137.08
26 89.012 73.455 4.12 63.03
27 79.74 75.709 10.0 63.03
28 79.708 67.79 8.12 63.03
29 91.759 62.911 7.85 63.03
30 93.611 68.62 6.06 63.03
31 73.052 25.49 3.62 118.75
32 67.773 29.712 6.07 118.75
33 70.68 19.821 9.72 118.75
34 73.907 25.585 3.45 118.75
35 77.06 33.43 5.49 118.75
36 14.266 13.469 1.5 181.82
37 21.56 12.642 7.97 181.82
38 11.94 12.902 1.85 181.82
39 13.249 21.204 9.09 181.82
40 15.825 7.824 4.85 181.82
41 15.766 53.093 0.82 223.66
42 18.205 47.626 6.71 223.66
43 15.208 58.325 4.47 223.66
44 15.149 44.071 9.87 223.66
45 12.764 48.474 6.26 223.66
46 77.537 86.093 4.3 43.06
47 76.037 90.612 7.0 43.06
48 72.912 91.824 7.89 43.06
49 71.936 91.595 7.84 43.06
50 75.339 93.872 10.0 1271.51
Old Students: 5 3 24 7 20 17 29 4 14 30 39 37 44 48 43 38 2 12 33 8 32 19 9 35 40 10 25 27 34 36 26 13 41 16 11 47 31 6 46 28 21 45 18 49 42 
New Students: 50 15 23 1 22 