71 stops, 90 old_students, 10 new_students, 5.0 max_walk, 22 capacity
1 50.0 50.0
2 17.705 84.237
3 87.104 9.474
4 77.82 41.314
5 90.751 11.84
6 40.099 32.853
7 10.95 72.852
8 73.193 29.443
9 54.614 66.999
10 50.439 62.425
11 66.535 56.84
12 15.043 83.964
13 13.968 86.096
14 20.82 82.278
15 20.956 92.228
16 19.419 88.965
17 15.459 84.485
18 19.169 82.543
19 16.373 82.878
20 18.957 87.689
21 14.784 80.515
22 88.484 7.109
23 88.562 13.18
24 85.798 11.407
25 87.193 12.966
26 91.828 4.253
27 79.504 11.03
28 90.3 7.634
29 86.872 5.747
30 87.154 10.853
31 87.151 12.934
32 81.483 44.211
33 73.486 38.227
34 80.802 33.876
35 74.733 41.61
36 80.295 39.449
37 76.474 45.784
38 76.946 43.047
39 77.102 38.235
40 75.342 43.279
41 78.667 42.502
42 93.814 14.836
43 95.156 11.501
44 95.005 9.17
45 86.906 16.637
46 92.871 15.767
47 91.556 8.927
48 90.056 13.118
49 93.205 5.452
50 85.166 4.109
51 92.345 10.014
52 47.646 32.458
53 41.695 33.552
54 38.539 30.475
55 38.696 31.45
56 37.93 31.609
57 36.199 33.966
58 42.737 31.535
59 39.572 34.73
60 45.847 29.115
61 35.034 31.893
62 10.548 76.428
63 10.403 74.772
64 11.102 75.201
65 10.935 74.415
66 10.799 75.297
67 12.86 71.403
68 6.015 73.343
69 10.949 75.147
70 15.101 74.607
1 18.13 84.179 0.43 87.39
2 16.808 83.759 1.02 87.39
3 20.276 83.373 2.72 87.39
4 18.029 88.243 4.95 78.77
5 17.202 85.096 5.0 4053.87
6 15.134 84.522 4.03 61.22
7 16.696 83.166 1.81 69.06
8 18.161 81.669 1.34 89.63
9 20.359 87.549 1.7 75.16
10 15.287 81.247 3.85 87.39
11 88.918 9.049 1.98 209.93
12 89.24 9.685 2.31 209.93
13 89.44 8.419 2.18 208.13
14 90.479 12.487 2.04 134.53
15 87.396 5.709 3.49 209.93
16 82.628 9.454 4.48 138.52
17 87.274 9.644 4.35 208.13
18 86.146 7.034 4.2 209.93
19 84.479 11.525 4.41 134.53
20 88.346 9.147 5.0 4053.87
21 81.08 40.26 4.47 105.39
22 73.496 39.345 2.59 247.3
23 78.419 38.246 5.0 247.3
24 77.858 40.815 3.23 247.3
25 80.711 40.666 4.36 105.39
26 76.083 43.444 2.75 74.78
27 77.304 42.749 1.53 74.78
28 76.778 39.181 3.18 247.3
29 78.674 41.704 3.95 247.3
30 75.751 42.237 4.23 105.39
31 94.948 14.231 5.0 4053.87
32 95.415 11.314 4.54 208.13
33 90.756 11.196 5.0 4053.87
34 88.509 13.688 0.52 134.53
35 90.888 11.48 3.9 209.93
36 91.564 13.395 3.01 134.53
37 90.827 10.928 3.2 134.53
38 91.871 9.298 4.78 138.52
39 87.43 8.12 5.0 4053.87
40 94.142 10.516 5.0 4053.87
41 44.226 33.506 4.82 96.04
42 39.328 30.898 3.84 96.04
43 40.69 32.83 2.21 96.04
44 38.998 31.478 3.31 96.04
45 36.425 30.372 2.52 29.28
46 39.545 33.299 1.44 96.04
47 44.201 30.615 3.87 189.91
48 40.382 33.026 5.0 4053.87
49 44.122 29.935 4.34 38.29
50 35.798 30.815 5.0 4053.87
51 10.496 76.477 1.41 46.52
52 9.966 70.527 4.82 46.35
53 9.633 71.513 3.97 46.35
54 11.693 74.281 1.1 46.35
55 11.135 75.286 0.24 46.52
56 12.437 72.782 2.8 46.52
57 8.76 73.96 2.5 46.52
58 10.416 74.484 1.0 46.35
59 15.06 75.584 3.98 46.35
60 10.765 76.277 1.13 46.35
61 75.487 30.359 2.48 95.76
62 74.468 29.311 1.29 95.76
63 73.431 27.51 1.95 95.76
64 69.962 27.78 3.64 95.76
65 76.848 26.112 4.95 95.76
66 72.657 30.776 1.44 95.76
67 71.463 27.206 2.83 95.76
68 72.685 28.617 0.97 95.76
69 74.993 31.277 2.57 95.76
70 74.723 24.94 4.76 95.76
71 54.057 69.908 2.97 109.84
72 57.729 66.733 3.13 109.84
73 54.937 69.98 5.0 4053.87
74 54.8 66.256 0.77 109.84
75 54.51 67.825 0.84 109.84
76 53.256 65.859 4.45 116.04
77 55.667 65.74 1.65 109.84
78 55.685 66.258 1.31 109.84
79 51.986 67.458 2.67 109.84
80 54.024 64.171 2.89 109.84
81 49.974 61.568 5.0 4053.87
82 50.264 61.457 0.99 116.04
83 51.172 62.462 0.74 116.04
84 49.745 62.904 0.85 116.04
85 50.587 64.668 4.66 109.84
86 47.85 59.291 4.07 116.04
87 53.084 64.31 3.1 109.84
88 50.356 61.608 0.83 116.04
89 53.049 63.058 4.25 109.84
90 54.737 63.153 3.85 109.84
91 70.136 59.942 4.76 17.9
92 67.048 56.618 0.56 17.9
93 63.788 57.846 2.93 17.9
94 65.89 59.895 3.13 17.9
95 66.922 55.636 1.27 17.9
96 64.464 60.723 4.41 17.9
97 66.45 55.797 1.05 17.9
98 65.589 55.579 1.58 17.9
99 69.931 53.695 4.63 17.9
100 66.533 56.2 0.65 17.9
Old Students: 85 3 12 79 36 68 17 100 15 49 77 69 99 23 51 2 10 80 57 72 1 93 24 22 90 60 64 8 14 35 95 47 26 18 28 7 87 63 29 94 16 6 78 34 91 37 46 98 70 42 52 86 41 97 74 84 89 27 19 9 45 65 88 82 21 54 53 25 92 83 43 66 56 4 32 96 59 67 62 61 58 76 55 30 71 11 13 75 38 44 
New Students: 73 39 50 20 40 48 31 81 33 5 