61 stops, 90 old_students, 10 new_students, 10.0 max_walk, 45 capacity
1 50.0 50.0
2 46.978 12.259
3 34.303 46.305
4 15.012 14.557
5 54.304 68.964
6 36.179 24.329
7 51.759 14.595
8 23.658 89.112
9 19.237 34.925
10 53.599 30.923
11 63.966 80.27
12 86.32 58.246
13 55.348 14.364
14 49.028 62.922
15 53.738 86.182
16 48.243 56.717
17 76.856 67.705
18 44.413 60.894
19 88.725 31.936
20 29.393 64.42
21 54.972 46.517
22 44.432 12.584
23 49.303 9.493
24 43.057 10.944
25 51.124 10.256
26 41.014 6.813
27 32.078 47.282
28 34.734 45.558
29 37.744 39.138
30 39.599 46.257
31 41.746 48.753
32 13.079 10.854
33 11.923 16.436
34 16.636 10.93
35 16.463 13.848
36 10.697 5.121
37 59.359 63.283
38 58.391 61.356
39 56.185 67.898
40 52.73 58.773
41 64.601 82.144
42 36.628 24.91
43 34.124 20.907
44 37.049 22.996
45 36.516 27.811
46 37.82 28.792
47 45.608 15.366
48 54.718 25.459
49 47.855 2.508
50 54.408 11.424
51 46.059 3.909
52 6.226 90.33
53 26.748 92.822
54 29.286 94.149
55 16.068 87.195
56 22.74 98.915
57 24.505 37.757
58 21.086 23.464
59 23.427 39.515
60 25.44 41.462
1 46.17 12.975 9.29 36.04
2 45.776 10.245 7.4 39.64
3 44.984 10.901 6.18 47.27
4 48.567 7.294 9.8 36.04
5 47.566 5.204 4.63 45.3
6 32.227 46.848 0.46 56.44
7 33.853 46.123 8.32 200.98
8 37.909 39.465 10.0 2676.52
9 42.545 47.828 1.23 200.98
10 34.832 45.568 7.62 200.98
11 18.397 17.84 4.44 122.12
12 8.649 11.79 8.09 122.12
13 18.216 8.377 10.0 2676.52
14 14.276 13.989 2.2 122.12
15 10.365 12.299 6.3 122.12
16 59.383 63.301 0.04 16.25
17 54.577 68.557 7.91 161.33
18 53.972 69.265 8.05 161.33
19 54.125 66.996 6.42 16.25
20 58.551 77.566 9.87 137.6
21 35.844 20.057 8.96 148.19
22 33.785 20.902 8.87 148.19
23 36.929 24.388 4.5 148.19
24 36.685 23.368 5.55 148.19
25 36.161 24.43 0.67 67.89
26 46.187 13.662 9.19 36.04
27 55.559 16.39 7.57 47.27
28 52.027 5.562 9.41 36.04
29 53.714 11.121 2.74 47.27
30 45.766 6.632 4.55 45.3
31 14.544 86.586 9.46 99.11
32 17.367 90.761 6.51 99.11
33 21.471 89.798 2.3 99.11
34 22.159 89.0 1.51 99.11
35 22.653 93.66 4.66 99.11
36 24.49 38.858 1.25 94.17
37 22.542 29.881 9.68 94.17
38 18.889 33.334 7.67 94.17
39 27.026 36.238 4.87 94.17
40 19.896 37.771 3.94 94.17
41 55.129 34.621 9.18 25.0
42 50.919 33.054 8.5 25.0
43 54.258 30.227 4.8 25.0
44 54.435 27.395 1.96 25.0
45 47.208 26.779 9.61 148.19
46 57.08 80.852 6.92 125.79
47 63.755 80.409 0.26 125.79
48 73.613 81.354 10.0 2676.52
49 61.851 79.359 2.31 125.79
50 62.271 89.49 9.38 125.79
51 82.055 61.102 8.41 107.79
52 81.981 58.713 4.37 43.68
53 78.498 60.444 8.13 43.68
54 79.632 62.616 5.8 107.79
55 78.413 60.138 8.14 43.68
56 61.555 19.755 8.91 25.0
57 57.023 15.434 7.85 47.27
58 57.663 23.351 9.29 36.04
59 55.709 14.195 0.4 36.04
60 55.05 11.988 2.4 36.04
61 42.75 60.562 10.0 2676.52
62 43.957 65.688 5.78 161.33
63 51.13 64.772 8.37 16.25
64 49.149 62.042 0.89 161.33
65 53.761 59.566 6.72 16.25
66 52.662 77.013 9.24 137.6
67 60.268 85.165 6.14 125.79
68 46.207 86.729 10.0 2676.52
69 53.428 86.744 0.65 137.6
70 57.286 88.252 4.11 137.6
71 54.895 55.379 8.87 172.85
72 43.526 63.97 5.61 161.33
73 47.765 56.357 6.69 161.33
74 45.897 59.081 4.96 161.33
75 51.619 54.146 8.34 172.85
76 69.864 64.334 7.77 107.79
77 79.137 62.013 6.14 107.79
78 68.508 68.887 8.44 107.79
79 75.399 68.026 1.5 107.79
80 75.517 65.767 2.36 107.79
81 48.195 57.057 5.93 161.33
82 44.642 60.58 4.98 161.33
83 43.705 61.03 5.65 161.33
84 42.284 63.314 6.76 161.33
85 50.017 58.435 4.6 161.33
86 88.963 32.25 10.0 2676.52
87 90.8 31.886 10.0 2676.52
88 87.899 27.567 4.45 70.1
89 87.245 23.967 8.11 70.1
90 85.825 27.124 10.0 2676.52
91 26.984 64.639 10.0 2676.52
92 30.546 64.436 1.16 181.03
93 27.908 58.007 6.59 181.03
94 25.521 62.515 4.32 181.03
95 29.215 61.514 10.0 2676.52
96 48.597 53.241 9.27 172.85
97 57.743 38.051 8.91 172.85
98 58.597 52.124 6.68 172.85
99 48.359 44.162 7.02 172.85
100 63.305 47.326 8.38 172.85
Old Students: 7 42 38 50 23 34 15 85 30 3 43 45 41 10 64 63 74 32 9 29 66 82 97 26 76 75 73 84 72 52 59 81 40 94 56 17 27 11 78 93 53 35 36 69 5 89 39 88 77 57 83 18 46 65 1 12 16 60 98 14 6 28 21 25 51 71 19 33 24 55 62 37 92 20 2 80 70 99 79 44 49 58 4 47 100 31 67 54 22 96 
New Students: 91 86 61 87 95 48 13 8 68 90 