31 stops, 45 old_students, 5 new_students, 20.0 max_walk, 45 capacity
1 50.0 50.0
2 44.697 21.013
3 40.181 42.338
4 38.53 25.699
5 25.735 72.737
6 66.828 60.816
7 64.759 48.713
8 20.246 22.595
9 23.605 59.422
10 59.624 47.497
11 43.229 53.999
12 30.234 9.479
13 39.436 -3.342
14 59.742 55.975
15 28.348 35.479
16 30.444 29.091
17 31.541 18.55
18 27.726 28.776
19 46.483 46.619
20 58.48 65.154
21 37.873 42.433
22 51.021 21.437
23 50.196 13.959
24 43.489 25.892
25 44.31 -6.003
26 34.515 29.471
27 10.021 89.629
28 41.531 71.042
29 43.6 71.195
30 20.065 59.676
1 32.882 10.225 19.26 59.15
2 40.034 4.88 16.8 77.81
3 53.968 37.237 15.76 112.01
4 36.195 27.688 10.81 77.81
5 26.381 24.08 18.58 77.81
6 37.435 35.69 11.92 59.15
7 21.897 38.893 11.68 59.15
8 50.03 43.863 15.51 112.01
9 50.757 46.761 14.14 112.01
10 38.069 42.789 17.42 59.15
11 44.947 25.735 17.49 59.15
12 38.197 23.881 7.11 77.81
13 33.522 30.158 5.96 59.15
14 41.77 6.021 15.28 77.81
15 28.191 25.16 3.65 59.15
16 21.395 73.345 14.1 28.23
17 29.999 73.643 20.0 1039.57
18 41.167 76.686 20.0 1039.57
19 20.578 76.528 17.38 28.23
20 30.847 57.0 7.64 28.23
21 48.646 52.56 16.57 112.01
22 63.465 63.494 20.0 1039.57
23 50.607 69.249 16.95 7.87
24 67.404 60.991 12.56 112.01
25 63.784 54.883 6.25 112.01
26 64.883 36.623 12.1 112.01
27 73.329 30.962 19.72 112.01
28 66.103 50.402 20.0 1039.57
29 60.866 33.374 15.83 112.01
30 64.737 52.194 3.49 112.01
31 10.293 24.251 18.02 59.15
32 16.944 23.827 11.87 59.15
33 17.396 20.121 13.48 59.15
34 25.528 13.175 15.76 59.15
35 22.507 24.957 6.47 59.15
36 30.789 73.316 15.65 28.23
37 29.289 62.229 6.34 28.23
38 20.073 60.547 3.71 28.23
39 13.247 65.495 12.01 28.23
40 11.142 51.039 15.03 28.23
41 63.572 47.272 1.87 112.01
42 55.257 44.794 15.15 7.87
43 65.71 52.401 3.81 112.01
44 42.984 46.606 7.4 7.87
45 56.573 44.761 16.23 7.87
46 25.779 59.54 2.18 28.23
47 50.841 40.096 15.86 7.87
48 47.161 55.813 20.0 1039.57
49 53.737 63.125 13.92 7.87
50 43.642 54.508 0.66 7.87
Old Students: 21 42 12 36 6 20 35 3 47 25 30 43 10 16 15 39 27 44 29 37 26 23 7 5 34 13 32 4 9 1 40 24 31 50 49 11 38 41 45 2 14 19 46 8 33 
New Students: 18 17 28 22 48 