61 stops, 90 old_students, 10 new_students, 40.0 max_walk, 45 capacity
1 50.0 50.0
2 49.362 56.031
3 59.657 49.001
4 57.27 52.137
5 48.251 51.418
6 49.761 49.117
7 43.176 48.616
8 54.299 45.897
9 56.148 53.262
10 45.348 57.699
11 54.935 49.49
12 52.972 51.73
13 57.65 58.985
14 57.816 52.483
15 49.946 48.83
16 48.202 44.983
17 52.238 46.318
18 53.07 41.911
19 59.458 55.947
20 44.813 55.528
21 55.344 56.751
22 49.766 87.937
23 48.221 55.029
24 37.259 13.453
25 50.748 64.065
26 73.02 66.914
27 55.497 41.191
28 23.134 50.972
29 84.874 32.509
30 59.134 37.711
31 35.702 55.714
32 40.133 66.739
33 31.223 21.461
34 57.207 18.253
35 89.459 55.946
36 95.115 54.016
37 54.533 50.858
38 46.211 67.998
39 76.531 63.558
40 3.213 26.811
41 63.241 18.494
42 44.798 62.049
43 52.066 50.935
44 55.647 49.862
45 83.468 71.518
46 12.059 17.908
47 8.171 33.271
48 92.815 76.949
49 79.709 50.912
50 28.49 28.117
51 27.366 75.468
52 53.12 53.619
53 84.68 6.243
54 41.522 23.093
55 38.213 89.004
56 56.033 20.706
57 13.212 82.676
58 35.308 35.779
59 66.747 88.28
60 80.855 29.347
1 43.846 50.414 16.25 12.88
2 48.51 54.516 10.18 12.88
3 49.689 51.401 11.0 12.88
4 60.048 84.019 33.62 21.59
5 54.69 71.914 23.33 0.92
6 60.362 50.433 10.69 0.92
7 53.559 53.835 3.14 21.59
8 85.552 33.739 37.63 12.88
9 55.138 36.904 13.35 0.92
10 35.501 54.593 15.28 0.92
11 49.01 37.194 23.45 12.88
12 60.229 41.938 40.0 1891.87
13 75.162 45.484 25.66 0.92
14 68.621 32.724 24.99 0.92
15 57.393 52.054 1.74 6.96
16 48.879 18.044 31.09 0.92
17 30.499 71.813 30.03 12.88
18 72.732 46.022 19.89 12.88
19 14.485 61.545 37.41 0.92
20 26.137 23.5 34.85 0.92
21 62.209 81.486 34.69 0.92
22 48.915 48.832 5.98 21.59
23 72.609 50.993 16.62 6.96
24 59.907 45.043 14.13 12.88
25 45.807 16.596 32.77 0.92
26 36.743 41.147 15.27 0.92
27 68.401 66.073 25.2 0.92
28 45.806 42.172 20.57 12.88
29 35.717 14.588 37.28 0.92
30 28.32 67.752 28.41 0.92
31 34.854 56.048 22.99 12.88
32 61.475 31.623 21.06 0.92
33 58.48 43.807 15.21 12.88
34 51.267 53.591 8.36 12.88
35 59.664 36.454 15.3 21.59
36 45.046 62.939 14.61 0.92
37 34.062 35.305 28.47 6.96
38 65.569 87.008 29.13 12.88
39 81.379 30.331 36.78 0.92
40 36.536 71.108 26.52 6.96
41 40.645 75.009 40.0 1891.87
42 57.357 22.755 30.54 6.96
43 45.685 26.873 22.62 0.92
44 74.365 57.491 26.0 0.92
45 21.383 58.607 29.93 0.92
46 92.258 62.97 37.4 6.96
47 65.434 46.066 11.75 6.96
48 54.098 50.425 3.51 6.96
49 27.234 56.494 40.0 1891.87
50 55.222 52.617 6.49 0.92
51 36.055 86.456 38.81 6.96
52 49.75 26.238 33.69 12.88
53 51.656 55.709 6.86 0.92
54 51.04 56.611 7.03 12.88
55 47.651 39.108 40.0 1891.87
56 66.79 44.928 16.77 12.88
57 86.832 34.575 38.05 12.88
58 73.123 30.123 28.7 6.96
59 52.257 96.163 37.57 12.88
60 68.391 24.035 31.69 6.96
61 52.595 50.865 9.57 12.88
62 52.419 43.699 40.0 1891.87
63 59.306 52.973 10.3 0.92
64 38.267 77.087 30.87 21.59
65 88.74 52.405 39.12 0.92
66 30.861 34.135 40.0 1891.87
67 45.986 84.235 35.33 0.92
68 64.22 19.438 33.02 0.92
69 41.996 81.483 33.29 0.92
70 39.882 55.284 11.65 0.92
71 56.558 39.469 11.81 0.92
72 69.594 23.516 32.39 0.92
73 67.803 72.969 40.0 1891.87
74 31.819 69.678 27.29 0.92
75 48.001 44.609 4.84 0.92
76 53.418 47.293 4.09 0.92
77 49.626 59.47 10.36 0.92
78 48.2 45.511 16.46 12.88
79 17.425 44.931 40.0 1891.87
80 62.81 51.465 9.13 12.88
81 52.038 42.828 6.69 0.92
82 50.906 61.04 11.98 0.92
83 56.085 37.123 21.92 12.88
84 62.745 53.775 13.8 0.92
85 44.625 47.839 5.3 0.92
86 54.741 29.302 29.83 12.88
87 38.392 88.406 35.17 12.88
88 55.894 94.779 35.84 12.88
89 44.796 51.42 14.92 12.88
90 60.552 52.38 11.28 0.92
91 39.607 59.344 14.42 0.92
92 54.122 32.433 17.25 0.92
93 31.198 23.96 31.27 0.92
94 42.674 47.485 18.89 12.88
95 23.08 58.311 40.0 1891.87
96 54.06 57.281 3.98 12.88
97 54.671 57.024 40.0 1891.87
98 18.556 70.083 37.6 0.92
99 53.196 60.469 11.87 0.92
100 47.118 39.549 13.53 21.59
Old Students: 13 54 60 35 22 84 37 34 48 61 46 15 81 64 58 87 76 85 72 42 2 70 80 45 67 71 36 94 33 8 57 74 88 50 89 86 31 65 17 6 75 7 53 44 16 30 47 9 11 28 3 32 1 98 19 23 14 77 26 56 68 21 39 18 83 59 43 90 52 91 5 4 100 40 78 38 69 10 29 96 99 51 27 82 92 25 93 63 20 24 
New Students: 73 95 41 55 79 49 97 66 62 12 