31 stops, 45 old_students, 5 new_students, 40.0 max_walk, 22 capacity
1 50.0 50.0
2 48.311 49.325
3 48.393 53.839
4 52.787 58.378
5 56.105 46.006
6 55.587 52.0
7 56.761 52.413
8 54.394 59.621
9 48.1 40.602
10 43.692 54.666
11 52.269 46.39
12 33.522 32.74
13 44.54 53.806
14 58.462 73.146
15 35.623 30.865
16 31.211 69.331
17 44.161 76.712
18 53.083 25.568
19 13.298 56.035
20 50.588 49.177
21 29.553 64.499
22 72.526 93.542
23 41.082 65.914
24 42.577 31.504
25 79.232 101.183
26 60.006 70.181
27 86.888 61.169
28 76.887 62.226
29 93.684 -20.085
30 18.231 53.38
1 47.576 48.906 9.01 7.3
2 43.544 36.889 14.17 1.02
3 52.063 55.2 10.05 7.3
4 26.828 49.247 23.77 1.02
5 34.356 69.003 31.66 7.3
6 53.753 50.784 3.55 1.02
7 44.367 53.011 13.67 7.3
8 23.085 59.477 29.37 1.02
9 46.829 53.084 5.43 1.02
10 23.053 56.46 26.25 1.82
11 73.932 89.353 40.0 1020.83
12 50.816 58.738 9.57 1.02
13 42.01 58.091 10.8 1.82
14 78.338 63.385 31.18 1.02
15 59.446 79.104 31.22 1.02
16 89.247 58.877 35.56 7.3
17 81.3 62.116 29.91 7.3
18 77.039 14.238 38.05 7.3
19 50.853 35.545 13.64 1.02
20 60.086 59.9 15.83 1.82
21 65.064 40.027 10.78 7.3
22 24.998 71.149 40.0 1020.83
23 88.531 48.671 32.54 7.3
24 65.993 35.574 20.56 1.02
25 51.431 53.275 8.65 7.3
26 22.832 45.334 33.28 7.3
27 48.501 48.459 7.99 7.3
28 59.99 49.866 5.48 7.3
29 60.581 53.449 10.87 1.02
30 49.345 89.033 39.88 1.02
31 32.529 74.11 36.69 7.3
32 48.869 58.989 9.97 1.02
33 51.285 64.477 15.32 1.02
34 68.442 57.58 21.76 1.82
35 42.052 77.979 34.93 7.3
36 77.345 51.841 26.89 1.02
37 70.766 27.91 40.0 1020.83
38 53.454 56.451 10.78 7.3
39 38.255 19.933 31.74 1.02
40 36.226 32.898 23.82 7.3
41 60.327 87.645 39.69 1.02
42 50.917 71.42 25.94 7.3
43 29.038 62.175 25.17 1.02
44 32.071 90.014 40.0 1020.83
45 39.615 59.003 14.73 1.02
46 64.804 41.09 10.0 7.3
47 60.948 32.543 14.31 7.3
48 81.498 51.449 40.0 1020.83
49 44.902 58.192 16.56 7.3
50 64.218 46.559 8.14 7.3
Old Students: 50 31 2 21 45 28 15 35 27 4 49 8 42 30 36 3 26 24 23 12 18 40 7 16 25 34 20 46 14 10 41 9 47 43 13 5 39 6 17 38 32 29 33 19 1 
New Students: 48 11 44 37 22 