121 stops, 180 old_students, 20 new_students, 5.0 max_walk, 45 capacity
1 50.0 50.0
2 57.203 87.981
3 47.005 9.752
4 56.136 53.191
5 67.087 87.827
6 34.429 39.223
7 77.791 10.412
8 65.445 64.44
9 21.24 28.292
10 32.666 47.28
11 61.373 65.87
12 62.927 18.818
13 45.011 19.962
14 5.241 9.672
15 49.514 72.441
16 78.213 73.125
17 85.567 62.016
18 63.291 94.761
19 28.427 49.001
20 92.415 20.956
21 50.621 64.057
22 48.282 32.726
23 40.731 45.488
24 57.637 86.949
25 47.663 76.894
26 19.677 10.919
27 22.205 48.359
28 50.056 58.553
29 67.574 68.987
30 31.086 67.097
31 90.502 20.664
32 19.727 70.563
33 65.212 91.906
34 22.01 20.523
35 5.866 43.209
36 84.437 35.797
37 93.979 57.626
38 72.983 75.245
39 86.212 47.99
40 38.341 68.801
41 52.235 71.875
42 58.003 87.215
43 52.751 89.556
44 59.351 88.736
45 58.268 82.108
46 53.139 89.936
47 46.267 10.438
48 45.982 6.762
49 46.426 10.221
50 45.106 8.198
51 49.31 11.348
52 58.687 56.081
53 56.375 58.895
54 52.438 53.407
55 55.894 54.836
56 55.51 52.178
57 62.639 85.906
58 69.62 88.651
59 67.428 88.237
60 67.266 86.758
61 64.702 87.657
62 34.829 37.687
63 37.69 41.242
64 36.791 36.928
65 32.647 36.91
66 32.248 34.698
67 75.932 13.267
68 77.7 10.249
69 78.951 12.91
70 74.106 7.776
71 77.601 12.168
72 62.6 65.479
73 66.172 54.873
74 68.455 65.929
75 66.806 65.623
76 69.565 69.819
77 17.199 25.429
78 20.631 31.022
79 21.388 28.853
80 25.32 24.008
81 18.548 26.12
82 25.311 47.406
83 28.925 48.13
84 29.546 45.94
85 30.162 49.998
86 33.629 51.028
87 62.036 66.059
88 58.839 64.84
89 63.313 63.946
90 58.497 64.846
91 62.278 63.865
92 63.085 22.713
93 62.764 13.416
94 62.728 24.211
95 55.617 17.719
96 65.533 20.664
97 50.168 19.473
98 48.952 21.564
99 43.362 18.772
100 41.242 17.071
101 45.958 21.847
102 4.919 7.683
103 6.607 10.252
104 6.289 16.421
105 4.16 4.847
106 3.158 5.816
107 50.755 72.119
108 51.35 75.531
109 56.062 71.321
110 47.769 69.072
111 47.615 65.805
112 73.713 71.801
113 74.501 75.176
114 76.387 70.028
115 78.072 71.597
116 77.223 75.774
117 89.269 63.061
118 86.267 63.755
119 87.619 64.486
120 85.149 63.193
1 57.117 87.902 0.12 38.66
2 52.373 87.804 4.84 38.66
3 56.505 86.769 1.4 38.66
4 56.146 86.448 1.87 38.66
5 53.037 89.822 4.56 38.66
6 42.549 11.58 4.82 317.44
7 46.427 6.738 3.71 133.97
8 47.262 9.807 1.18 133.97
9 47.113 10.095 0.92 133.97
10 45.268 12.354 2.17 133.97
11 60.221 52.457 3.94 190.79
12 58.568 54.87 1.22 190.79
13 54.708 54.487 2.52 90.56
14 58.513 51.982 4.11 190.79
15 55.742 53.058 3.33 90.56
16 67.422 86.39 1.48 223.63
17 67.804 87.126 1.01 223.63
18 67.467 88.345 5.0 5350.27
19 67.138 87.299 0.54 223.63
20 64.758 87.635 2.34 223.63
21 35.85 39.032 1.44 67.64
22 35.465 37.309 2.18 67.64
23 35.826 36.412 3.14 67.64
24 31.776 35.32 4.72 67.64
25 33.472 38.615 1.14 67.64
26 80.129 10.578 2.35 118.92
27 77.602 10.416 0.19 118.92
28 79.313 10.427 2.45 360.27
29 75.13 9.828 5.0 5350.27
30 78.605 14.889 2.91 360.27
31 64.633 63.969 2.36 437.33
32 65.653 59.845 4.6 406.3
33 68.885 64.736 4.45 487.19
34 68.178 67.329 1.77 487.19
35 65.277 68.334 3.99 24.38
36 18.563 27.627 3.98 34.97
37 20.815 30.409 0.65 34.97
38 21.305 28.86 2.27 34.97
39 21.926 26.992 4.52 382.98
40 19.405 24.409 4.68 292.05
41 28.456 46.42 1.2 129.03
42 28.888 48.138 2.3 129.03
43 30.871 43.052 3.18 129.03
44 33.665 50.34 3.22 277.27
45 29.873 50.914 4.99 129.03
46 62.463 61.452 4.23 406.3
47 59.44 66.09 3.61 437.33
48 62.218 63.78 5.0 5350.27
49 60.678 65.156 5.0 5350.27
50 59.716 63.359 2.62 437.33
51 63.743 22.947 1.63 752.21
52 61.418 14.646 1.83 216.0
53 61.908 21.12 3.2 752.21
54 59.685 19.486 4.44 224.34
55 64.171 21.792 2.82 752.21
56 48.7 18.518 5.0 5350.27
57 49.066 22.275 3.14 481.32
58 45.358 17.016 4.87 481.32
59 45.169 18.241 3.7 481.32
60 44.984 20.26 1.87 481.32
61 5.926 9.676 0.69 275.63
62 5.36 9.735 0.14 275.63
63 3.101 13.505 4.39 275.63
64 3.42 5.87 5.0 5350.27
65 3.137 5.528 4.65 275.63
66 49.424 73.422 1.87 232.99
67 51.163 74.86 2.78 232.99
68 53.821 73.921 3.56 232.99
69 49.079 71.269 1.88 232.99
70 45.652 69.76 4.71 246.99
71 75.484 70.194 0.92 678.87
72 74.608 71.206 2.14 678.87
73 78.579 73.074 3.03 206.27
74 78.35 72.2 3.75 206.27
75 77.988 74.895 1.17 206.27
76 85.502 62.135 5.0 5350.27
77 85.272 63.575 0.41 573.71
78 87.66 62.272 2.22 413.54
79 88.85 64.804 4.04 573.71
80 88.337 62.9 3.21 573.71
81 63.203 94.525 0.26 126.59
82 63.338 94.788 0.06 126.59
83 59.506 91.974 4.61 38.66
84 65.13 94.437 5.0 5350.27
85 66.708 92.704 3.99 126.59
86 29.346 50.679 4.75 129.03
87 32.041 49.072 4.01 129.03
88 31.525 49.641 4.2 129.03
89 29.077 48.905 0.66 474.3
90 31.663 45.972 4.44 474.3
91 93.382 20.588 2.89 616.58
92 90.981 20.873 0.53 616.58
93 96.458 20.526 4.07 457.33
94 90.378 16.589 4.08 616.58
95 90.735 21.556 0.93 616.58
96 46.774 64.017 1.98 707.95
97 50.735 64.14 0.15 667.26
98 54.135 64.412 3.54 667.26
99 52.816 65.003 5.0 5350.27
100 51.362 66.874 5.0 5350.27
101 50.622 31.226 2.78 324.46
102 48.548 32.847 0.3 324.46
103 50.466 32.724 2.19 324.46
104 47.51 31.032 1.87 324.46
105 46.444 33.903 2.19 324.46
106 42.342 44.774 1.77 169.94
107 40.418 45.7 0.38 169.94
108 38.948 47.993 3.08 169.94
109 40.824 45.455 5.0 5350.27
110 37.198 48.445 4.61 169.94
111 59.289 87.934 2.09 38.66
112 60.675 87.199 3.56 38.66
113 53.532 88.022 3.68 38.66
114 57.654 87.014 1.07 38.66
115 55.132 90.001 2.9 38.66
116 52.281 78.029 4.76 384.59
117 46.675 76.756 1.0 384.59
118 50.754 78.411 3.45 384.59
119 47.703 76.947 4.86 246.99
120 43.751 78.0 4.07 384.59
121 22.913 13.936 4.43 605.77
122 23.544 13.026 4.41 605.77
123 16.327 10.006 3.48 605.77
124 17.576 6.722 4.7 605.77
125 20.13 11.182 0.53 605.77
126 21.553 47.848 5.0 5350.27
127 22.817 51.899 3.6 27.85
128 20.442 46.493 2.57 27.85
129 22.116 48.535 0.2 27.85
130 20.756 52.529 4.42 27.85
131 49.961 60.785 3.34 667.26
132 49.329 58.603 0.73 517.91
133 52.736 55.807 5.0 5350.27
134 46.21 56.905 4.19 517.91
135 54.302 55.954 3.16 90.56
136 66.385 71.553 2.83 487.19
137 67.077 68.359 0.81 487.19
138 65.705 66.136 4.12 437.33
139 71.648 67.967 5.0 5350.27
140 64.905 73.086 4.9 487.19
141 30.471 68.143 1.22 339.5
142 30.799 64.743 2.38 339.5
143 34.017 63.405 4.72 339.5
144 31.501 67.065 0.42 339.5
145 29.055 64.669 3.17 339.5
146 90.004 20.477 2.46 457.33
147 90.669 20.502 1.81 457.33
148 88.418 18.023 4.96 457.33
149 94.091 19.339 3.83 616.58
150 89.485 23.257 2.79 616.58
151 18.216 70.846 5.0 5350.27
152 19.751 70.568 0.03 74.52
153 19.796 70.251 0.32 74.52
154 24.081 72.478 4.76 74.52
155 19.999 71.557 1.04 74.52
156 65.936 96.448 3.14 126.59
157 65.489 91.769 4.26 223.63
158 65.414 89.654 2.48 223.63
159 67.624 91.108 3.33 223.63
160 65.52 94.807 5.0 5350.27
161 22.906 19.573 1.31 292.05
162 22.087 19.051 1.48 292.05
163 20.588 22.129 2.15 292.05
164 24.631 20.077 2.66 292.05
165 21.479 21.453 1.08 292.05
166 9.503 43.892 5.0 5350.27
167 8.043 42.287 2.37 105.19
168 3.661 47.504 4.83 105.19
169 4.501 45.345 2.54 105.19
170 3.793 42.718 2.14 105.19
171 84.237 35.986 0.28 184.85
172 84.439 32.786 3.02 184.85
173 82.221 39.179 4.05 184.85
174 85.57 35.239 1.27 184.85
175 84.526 33.944 1.86 184.85
176 92.079 55.914 2.56 174.77
177 93.812 54.193 5.0 5350.27
178 92.044 53.937 4.17 174.77
179 94.043 56.94 0.69 174.77
180 94.27 59.191 1.6 174.77
181 74.442 73.653 3.5 206.27
182 70.909 73.43 4.0 673.39
183 72.628 72.868 5.0 5350.27
184 73.035 75.217 1.47 673.39
185 76.614 75.88 4.53 528.85
186 88.636 47.982 2.43 308.8
187 85.632 50.975 3.05 308.8
188 86.698 47.926 0.5 308.8
189 85.646 47.269 0.92 308.8
190 84.147 48.65 2.17 308.8
191 35.623 66.861 4.55 339.5
192 41.016 69.275 2.72 433.75
193 39.325 70.097 1.63 433.75
194 34.383 70.234 4.21 433.75
195 42.474 71.321 4.85 433.75
196 48.546 72.173 2.21 232.99
197 51.998 72.433 1.29 232.99
198 51.972 67.773 4.52 232.99
199 53.258 71.647 5.0 5350.27
200 49.947 72.773 1.04 232.99
Old Students: 40 52 127 143 129 97 190 27 192 156 58 103 115 88 7 37 31 187 67 119 148 175 107 77 24 182 153 59 62 1 15 95 60 44 131 91 113 25 149 181 150 61 146 140 112 189 82 75 22 4 128 144 137 130 26 180 145 101 51 80 53 96 108 118 185 39 42 171 114 94 176 2 123 92 79 163 30 191 164 45 154 21 172 50 93 69 16 19 136 161 141 125 33 168 68 117 165 8 41 38 74 47 152 32 83 71 167 65 72 162 46 34 90 66 193 70 54 197 89 43 36 9 184 85 120 196 169 159 134 12 3 55 147 28 155 195 179 35 98 102 132 124 57 138 13 178 78 5 63 14 17 135 104 174 23 170 173 6 158 105 122 194 198 200 188 106 11 121 10 73 142 20 157 81 87 86 111 186 116 110 
New Students: 49 151 76 18 84 109 64 177 56 139 126 48 183 133 29 166 99 199 160 100 