71 stops, 90 old_students, 10 new_students, 5.0 max_walk, 45 capacity
1 50.0 50.0
2 35.86 31.57
3 37.055 43.346
4 81.384 49.886
5 90.006 83.026
6 22.305 15.341
7 64.811 38.103
8 52.798 6.199
9 14.932 30.588
10 31.025 33.202
11 23.232 13.399
12 28.629 29.915
13 37.14 34.498
14 34.765 36.05
15 37.255 29.7
16 37.822 31.19
17 34.257 34.075
18 34.914 29.816
19 36.13 35.07
20 36.097 27.622
21 38.016 32.804
22 31.426 44.726
23 36.729 35.916
24 34.081 41.619
25 40.194 43.543
26 39.453 44.918
27 42.042 45.263
28 37.526 43.677
29 32.927 47.906
30 41.849 51.354
31 33.629 42.789
32 76.274 46.967
33 86.659 51.696
34 81.009 48.566
35 80.494 44.435
36 84.227 47.152
37 81.067 45.632
38 83.505 44.235
39 81.095 49.537
40 81.527 46.429
41 80.534 47.65
42 92.663 82.725
43 88.766 82.577
44 91.342 79.858
45 88.281 79.932
46 87.697 80.587
47 85.801 85.615
48 86.075 83.526
49 96.236 83.057
50 92.434 87.253
51 92.692 81.837
52 19.635 12.891
53 24.844 17.143
54 20.025 17.542
55 20.565 12.575
56 24.953 20.632
57 21.172 13.419
58 20.145 15.624
59 22.891 16.764
60 22.043 19.666
61 20.475 14.059
62 64.177 36.556
63 60.749 38.36
64 64.906 34.165
65 63.099 33.583
66 63.864 36.063
67 69.35 39.333
68 65.004 40.22
69 66.642 39.708
70 63.779 40.289
1 32.071 30.845 2.58 139.12
2 34.867 32.053 3.36 81.87
3 35.578 31.507 2.47 81.87
4 37.505 27.912 1.81 81.87
5 36.165 30.155 1.45 84.2
6 33.549 35.771 4.8 84.2
7 38.276 29.878 5.0 2995.74
8 36.021 32.298 2.88 81.87
9 38.835 31.57 2.45 81.87
10 35.746 32.229 4.83 139.12
11 34.972 41.555 2.75 156.48
12 36.243 40.673 3.27 227.05
13 37.193 43.315 5.0 2995.74
14 37.117 43.16 5.0 2995.74
15 35.379 42.97 5.0 2995.74
16 39.932 42.488 2.69 227.05
17 36.749 43.622 0.78 227.05
18 34.802 45.934 3.54 227.05
19 40.167 46.825 4.11 227.05
20 36.946 44.724 1.2 227.05
21 78.58 46.948 2.92 105.0
22 84.245 49.732 4.26 108.76
23 77.952 46.659 3.61 105.0
24 79.307 48.533 2.48 106.37
25 83.368 50.584 4.08 108.76
26 80.499 47.425 1.25 105.0
27 80.177 47.754 2.45 106.37
28 80.576 50.342 2.7 108.76
29 82.194 49.417 2.43 108.76
30 81.408 50.07 1.56 105.0
31 89.062 81.833 0.81 70.11
32 90.853 82.804 3.86 72.8
33 93.856 80.623 4.54 68.79
34 86.225 83.229 3.79 68.79
35 90.157 80.793 2.27 70.11
36 89.598 84.967 2.54 70.11
37 89.233 85.735 3.2 70.11
38 94.218 82.079 4.32 68.79
39 89.783 83.394 3.78 72.8
40 92.67 83.952 4.14 70.11
41 19.484 13.871 1.01 190.14
42 22.917 16.927 1.7 105.88
43 22.725 17.624 4.22 190.14
44 21.958 10.523 2.49 191.62
45 22.645 17.05 4.94 191.62
46 23.99 16.511 5.0 2995.74
47 20.462 15.495 2.93 191.62
48 20.425 13.329 2.76 105.88
49 21.03 18.104 4.09 190.14
50 22.546 15.195 0.29 105.88
51 64.6 38.263 2.51 19.57
52 64.915 37.739 1.4 128.52
53 65.106 38.95 0.9 19.28
54 63.774 34.318 2.28 128.52
55 64.944 37.943 2.45 19.57
56 67.927 39.4 4.71 128.52
57 66.361 38.923 0.84 19.57
58 67.868 38.854 3.15 19.28
59 63.993 38.94 2.76 19.57
60 66.08 36.645 2.75 23.22
61 52.092 10.755 4.62 53.69
62 53.369 8.445 2.32 53.69
63 52.633 5.352 0.87 53.69
64 53.12 6.947 0.82 53.69
65 52.579 8.426 2.24 53.69
66 54.91 6.613 5.0 2995.74
67 52.373 6.17 0.43 53.69
68 48.957 7.489 4.06 53.69
69 52.369 3.896 2.35 53.69
70 54.611 4.192 2.71 53.69
71 17.207 29.987 2.36 122.82
72 15.091 32.531 5.0 2995.74
73 15.24 30.539 0.32 122.82
74 15.887 27.487 3.25 122.82
75 14.901 30.701 0.12 122.82
76 14.3 27.454 3.2 122.82
77 17.977 33.3 4.08 122.82
78 14.933 30.633 0.05 122.82
79 18.267 28.351 4.02 122.82
80 16.051 26.202 4.53 122.82
81 28.23 33.474 2.81 139.12
82 30.541 32.141 1.17 139.12
83 28.143 32.598 2.95 139.12
84 31.421 37.944 4.76 139.12
85 33.968 34.891 3.83 84.2
86 33.559 32.15 4.44 81.87
87 34.331 36.086 4.39 139.12
88 33.884 35.21 3.5 139.12
89 30.272 34.992 1.95 139.12
90 34.512 31.701 5.0 2995.74
91 24.881 16.823 2.98 105.88
92 22.691 13.86 1.54 105.88
93 24.727 14.029 5.0 2995.74
94 20.567 10.887 3.18 190.14
95 20.531 13.142 0.92 190.14
96 24.01 13.768 5.0 2995.74
97 20.886 10.904 1.71 191.62
98 23.139 18.268 4.99 190.14
99 21.028 14.17 1.67 191.62
100 22.364 16.684 0.54 104.34
Old Students: 63 89 40 47 33 22 79 43 86 91 69 29 12 48 82 67 54 53 99 85 8 16 77 4 35 44 45 57 38 84 51 37 83 88 36 32 81 95 17 11 26 52 21 10 80 78 98 59 23 39 20 62 27 56 73 24 71 9 18 75 41 87 97 70 92 42 60 2 34 94 68 6 61 50 65 1 28 100 49 5 74 30 3 64 19 58 76 55 31 25 
New Students: 96 72 93 66 14 46 90 15 7 13 