61 stops, 90 old_students, 10 new_students, 20.0 max_walk, 45 capacity
1 50.0 50.0
2 62.29 70.924
3 30.671 53.234
4 71.811 40.779
5 71.332 30.379
6 50.8 42.475
7 22.273 73.665
8 73.41 38.82
9 69.018 43.515
10 33.756 70.513
11 20.235 52.061
12 31.585 60.199
13 52.854 55.185
14 34.715 30.198
15 30.884 73.809
16 46.758 43.771
17 23.291 70.086
18 56.953 41.01
19 46.271 52.681
20 51.179 29.363
21 33.631 55.606
22 72.913 71.117
23 60.046 60.902
24 63.938 79.696
25 62.492 64.774
26 75.052 64.997
27 27.931 48.222
28 37.42 44.599
29 17.866 51.19
30 27.555 55.953
31 32.076 53.738
32 91.084 38.458
33 70.512 54.382
34 69.417 46.857
35 84.552 38.24
36 78.091 33.095
37 86.834 33.164
38 76.631 30.016
39 63.847 23.547
40 66.508 17.656
41 81.699 36.838
42 49.036 45.316
43 49.656 65.439
44 53.603 21.434
45 31.053 61.579
46 31.483 32.412
47 9.718 75.322
48 15.215 88.521
49 23.231 51.598
50 34.97 92.104
51 31.484 65.799
52 81.967 40.505
53 63.381 35.614
54 45.503 45.809
55 62.518 5.174
56 97.952 54.823
57 85.59 33.395
58 60.899 46.852
59 60.046 34.704
60 79.873 36.053
1 76.989 83.932 19.04 32.52
2 46.69 68.954 16.28 130.01
3 63.173 69.759 12.8 32.52
4 73.508 74.967 10.09 32.52
5 80.728 68.641 20.0 1730.56
6 33.17 52.33 20.0 1730.56
7 37.361 45.581 11.4 130.01
8 27.641 54.381 3.24 96.79
9 12.564 53.035 20.0 1730.56
10 24.415 46.782 16.02 25.54
11 84.463 53.602 14.78 32.52
12 73.545 42.496 12.27 20.98
13 86.597 43.919 19.19 20.98
14 69.577 41.089 13.33 20.98
15 81.402 40.491 17.66 20.98
16 71.159 33.772 12.58 87.43
17 65.898 14.842 13.96 97.89
18 69.684 29.866 18.16 97.89
19 70.67 20.224 17.11 97.89
20 74.341 29.932 12.29 87.43
21 47.997 42.485 19.5 98.28
22 58.69 57.788 13.43 130.01
23 52.924 22.666 1.41 97.89
24 40.703 54.696 8.69 98.28
25 48.227 26.871 17.64 25.54
26 15.862 71.271 6.85 74.67
27 16.445 75.819 8.93 78.39
28 22.099 55.042 18.63 74.67
29 25.878 79.98 7.28 74.67
30 31.494 68.611 14.89 98.28
31 83.11 43.288 16.79 20.98
32 71.953 40.337 14.12 20.98
33 58.632 48.333 13.11 130.01
34 69.351 19.483 15.87 97.89
35 82.535 47.151 14.03 20.98
36 87.407 45.254 20.0 1730.56
37 61.582 42.384 18.46 130.01
38 63.661 40.189 16.53 106.19
39 64.488 32.44 15.48 97.89
40 75.351 34.908 16.17 87.43
41 34.663 57.236 5.66 96.79
42 28.156 77.766 20.0 1730.56
43 15.191 64.178 10.03 78.39
44 23.455 59.211 14.51 74.67
45 34.897 67.047 12.0 78.39
46 19.933 52.721 20.0 1730.56
47 30.476 39.998 13.24 96.79
48 19.076 48.687 12.46 96.79
49 12.809 52.464 17.88 96.79
50 19.575 52.351 11.14 96.79
51 51.353 61.219 9.94 130.01
52 41.913 46.604 13.06 96.79
53 41.736 48.928 20.0 1730.56
54 42.358 56.183 5.26 130.01
55 34.756 59.707 20.0 1730.56
56 38.073 63.122 13.28 130.01
57 50.609 65.465 13.5 130.01
58 53.63 50.16 7.78 130.01
59 57.549 61.753 14.48 130.01
60 51.136 57.89 7.13 130.01
61 36.819 20.574 9.86 29.46
62 34.797 27.21 6.17 25.54
63 32.517 49.329 4.32 96.79
64 35.71 32.701 4.24 25.54
65 31.581 22.782 9.64 25.54
66 30.781 73.892 8.52 74.67
67 33.281 75.338 11.14 74.67
68 32.897 76.966 11.13 74.67
69 15.296 64.75 9.62 78.39
70 24.44 77.803 4.68 74.67
71 46.503 44.065 18.21 29.46
72 52.238 43.558 14.24 106.19
73 41.257 42.515 15.07 96.79
74 49.609 30.427 20.0 1730.56
75 44.995 45.461 7.34 130.01
76 33.844 56.553 13.02 130.01
77 14.463 68.068 9.61 74.67
78 38.257 64.312 18.52 74.67
79 40.711 63.129 14.1 96.79
80 21.525 61.358 13.02 98.28
81 50.07 40.638 18.57 29.46
82 64.456 43.265 19.23 106.19
83 44.125 26.776 20.0 1730.56
84 57.362 42.306 15.19 130.01
85 63.24 39.438 15.72 106.19
86 44.276 52.842 13.62 96.79
87 43.594 47.875 5.51 130.01
88 45.293 47.763 5.02 130.01
89 47.097 50.168 16.71 96.79
90 44.604 38.355 12.82 29.46
91 58.532 36.173 15.55 97.89
92 51.338 21.306 18.86 29.46
93 64.537 42.822 18.97 106.19
94 46.857 11.701 11.85 97.89
95 54.896 36.981 17.92 130.01
96 32.616 47.467 6.09 96.79
97 42.345 49.529 12.25 96.79
98 17.111 46.163 15.3 96.79
99 40.899 72.822 18.65 74.67
100 33.565 57.622 5.26 96.79
Old Students: 2 89 45 71 100 79 91 21 57 15 96 99 31 56 47 65 82 63 88 17 92 10 49 87 28 40 78 1 23 75 27 38 80 29 77 18 64 25 12 95 62 7 70 34 72 54 76 44 4 43 93 60 94 86 67 41 26 97 19 84 8 35 37 59 98 50 61 16 48 51 73 20 69 14 39 90 13 24 85 68 3 66 81 33 22 30 32 11 52 58 
New Students: 36 83 42 9 55 46 74 53 6 5 