121 stops, 180 old_students, 20 new_students, 10.0 max_walk, 22 capacity
1 50.0 50.0
2 32.503 48.035
3 49.802 64.404
4 62.415 71.242
5 70.938 10.627
6 42.665 84.002
7 34.935 75.045
8 15.603 46.385
9 63.044 20.815
10 65.051 42.701
11 75.17 17.748
12 39.247 86.953
13 27.189 31.273
14 86.764 16.793
15 47.825 38.262
16 76.101 88.669
17 67.104 72.514
18 37.428 63.807
19 53.213 30.567
20 14.646 10.064
21 39.317 54.61
22 58.322 36.27
23 84.527 52.113
24 32.75 38.899
25 14.677 31.68
26 51.914 73.976
27 53.505 41.908
28 34.809 35.708
29 43.781 28.749
30 58.457 23.706
31 24.32 67.615
32 86.453 25.583
33 77.593 79.759
34 10.457 38.265
35 38.304 22.501
36 85.978 28.022
37 13.758 89.356
38 55.832 15.464
39 51.434 36.504
40 61.25 22.468
41 64.406 67.431
42 33.367 39.958
43 32.258 51.67
44 25.905 34.101
45 37.113 50.518
46 32.96 53.159
47 45.737 62.857
48 46.206 75.016
49 50.883 59.633
50 53.382 69.315
51 60.434 62.974
52 56.492 74.758
53 57.093 73.306
54 63.103 68.771
55 63.361 69.144
56 56.943 62.566
57 72.706 14.235
58 74.762 6.836
59 71.196 12.162
60 74.818 6.974
61 76.327 8.478
62 30.223 81.101
63 44.506 87.881
64 51.916 85.977
65 51.136 78.589
66 34.917 75.146
67 38.131 77.903
68 40.756 85.158
69 44.873 81.372
70 35.353 79.041
71 40.043 72.48
72 22.926 38.823
73 8.875 47.586
74 10.378 41.377
75 16.394 53.464
76 12.387 39.806
77 63.391 20.687
78 64.28 22.554
79 58.443 22.53
80 64.723 9.6
81 63.016 21.209
82 72.189 46.924
83 61.105 32.044
84 65.345 34.155
85 69.331 39.917
86 64.363 46.995
87 75.178 11.257
88 81.001 25.598
89 69.393 14.443
90 72.302 11.66
91 80.101 12.817
92 37.365 90.079
93 47.789 80.038
94 35.361 93.25
95 36.029 86.884
96 37.659 95.353
97 26.863 29.393
98 34.245 26.174
99 26.174 30.981
100 24.772 33.177
101 29.17 36.189
102 86.228 9.529
103 94.096 13.267
104 86.981 21.069
105 84.812 23.679
106 84.776 13.457
107 38.78 43.563
108 47.998 30.369
109 53.209 41.604
110 52.381 35.75
111 43.909 36.948
112 68.555 82.866
113 80.696 86.803
114 64.666 93.985
115 80.703 97.891
116 86.024 85.683
117 68.495 80.817
118 63.969 67.361
119 68.075 75.33
120 68.789 82.655
1 27.942 47.609 4.59 17.61
2 32.694 52.126 4.1 17.61
3 29.597 41.364 7.28 17.61
4 32.358 52.777 4.75 17.61
5 29.917 52.047 4.78 17.61
6 49.883 68.536 7.04 13.55
7 48.701 71.42 9.07 13.55
8 48.789 63.941 3.24 13.55
9 53.412 69.164 9.94 13.55
10 51.555 62.467 5.84 13.55
11 59.772 74.155 6.17 23.35
12 63.779 68.871 0.5 23.35
13 61.354 72.286 3.73 23.35
14 63.723 71.419 2.31 23.35
15 63.146 66.913 2.25 23.35
16 68.165 8.278 10.0 5703.7
17 76.221 10.099 3.43 49.68
18 68.963 10.246 6.71 49.68
19 69.445 7.858 5.45 49.68
20 70.649 11.117 5.88 49.68
21 39.203 79.965 5.85 31.79
22 44.061 86.755 5.45 31.79
23 42.704 84.363 3.7 31.79
24 44.869 80.354 1.02 31.79
25 38.743 83.262 6.42 31.79
26 35.146 74.908 7.92 87.98
27 31.414 81.717 9.43 38.49
28 41.401 80.965 3.5 31.79
29 35.247 74.773 8.08 87.98
30 39.902 72.752 9.96 31.79
31 22.501 41.924 3.13 29.3
32 13.867 49.46 4.74 71.67
33 7.175 45.14 7.62 121.24
34 8.737 51.507 7.91 71.67
35 18.702 40.228 8.48 121.24
36 67.512 20.292 3.95 30.94
37 67.242 17.283 6.05 30.94
38 57.685 18.039 8.0 30.94
39 65.417 19.494 3.27 30.94
40 63.072 20.847 10.0 5703.7
41 67.817 39.174 8.55 14.68
42 65.172 37.737 9.3 14.68
43 64.589 36.689 5.81 21.12
44 64.936 42.952 4.09 14.68
45 68.267 45.26 4.28 14.68
46 74.748 7.95 0.98 49.68
47 81.627 22.524 7.02 42.16
48 75.175 17.63 10.0 5703.7
49 75.98 14.929 8.04 49.68
50 73.038 14.669 7.9 49.68
51 41.025 96.013 9.24 38.49
52 47.184 86.423 10.0 5703.7
53 38.248 87.827 9.25 31.79
54 38.284 86.924 0.97 38.49
55 35.898 85.907 3.51 38.49
56 29.775 29.089 2.93 30.99
57 27.254 31.351 8.64 29.3
58 26.2 32.633 7.01 29.3
59 22.964 32.314 4.88 30.99
60 28.185 34.991 6.51 29.3
61 85.08 11.626 9.64 46.96
62 87.303 16.489 4.6 46.96
63 87.096 21.869 6.26 42.16
64 85.314 23.655 4.42 42.16
65 86.236 15.934 5.19 46.96
66 46.965 39.556 10.0 5703.7
67 48.46 39.318 1.24 11.94
68 53.058 41.873 6.36 11.94
69 50.263 36.523 6.29 8.82
70 48.114 32.524 5.75 11.94
71 69.812 83.339 8.57 40.59
72 76.295 91.196 8.02 81.37
73 74.588 94.299 7.1 81.37
74 74.033 93.622 10.0 5703.7
75 83.624 84.857 7.9 40.59
76 68.848 80.364 8.77 40.59
77 70.834 73.857 7.35 35.95
78 65.518 74.286 5.58 23.35
79 65.718 78.945 3.35 35.95
80 65.487 72.99 8.39 35.95
81 38.92 66.773 7.87 13.55
82 36.678 66.546 9.79 13.55
83 33.522 68.313 9.23 31.15
84 40.402 70.931 9.68 13.55
85 41.848 66.14 5.09 13.55
86 56.056 29.056 5.87 21.12
87 51.277 35.145 7.13 8.82
88 45.462 28.667 10.0 5703.7
89 54.427 33.434 6.83 21.12
90 55.34 31.693 9.99 11.94
91 9.835 13.519 5.93 53.34
92 17.34 3.37 7.22 53.34
93 7.199 4.882 10.0 5703.7
94 20.582 14.745 7.56 53.34
95 15.773 6.542 3.7 53.34
96 37.882 60.748 8.14 13.55
97 38.864 57.408 8.78 13.55
98 33.874 48.054 10.0 5703.7
99 37.11 48.322 4.62 17.61
100 38.757 55.449 9.7 17.61
101 57.209 26.484 6.79 21.12
102 58.363 37.643 6.47 8.82
103 56.111 42.796 2.76 8.82
104 52.139 36.579 4.64 11.94
105 63.088 35.15 3.69 21.12
106 86.467 48.35 4.24 34.6
107 84.758 51.644 0.53 34.6
108 85.908 49.298 3.14 34.6
109 75.192 55.543 9.95 34.6
110 81.739 51.514 10.0 5703.7
111 39.983 41.562 6.81 19.43
112 32.905 39.07 8.98 17.61
113 32.558 38.685 10.0 5703.7
114 31.675 36.542 8.62 30.99
115 29.208 41.267 4.37 19.43
116 11.015 40.187 2.01 121.24
117 16.229 35.747 7.37 29.3
118 10.27 25.744 7.4 39.8
119 14.284 30.231 10.0 5703.7
120 13.174 29.856 2.37 39.8
121 47.991 80.744 3.19 31.79
122 50.193 66.673 5.87 13.55
123 43.606 72.605 8.86 31.79
124 51.96 74.841 9.64 31.79
125 44.832 78.634 2.74 31.79
126 56.442 50.124 8.52 14.68
127 46.975 41.475 3.33 11.94
128 50.192 49.328 8.13 8.82
129 58.685 48.647 8.5 8.82
130 52.702 45.536 8.76 11.94
131 31.338 28.94 4.5 30.99
132 34.893 35.521 4.7 19.43
133 34.679 36.198 3.99 19.43
134 35.234 35.683 4.67 19.43
135 35.426 38.23 2.69 19.43
136 44.242 25.246 6.55 29.89
137 41.327 29.586 10.0 5703.7
138 45.63 29.325 9.21 11.94
139 49.972 27.299 10.0 5703.7
140 46.571 29.133 9.22 11.94
141 65.363 25.492 3.14 30.94
142 57.83 22.578 6.46 30.94
143 56.156 21.531 8.19 30.94
144 56.208 22.796 7.35 92.08
145 57.462 22.859 9.89 21.12
146 22.098 73.366 6.17 31.15
147 21.938 69.557 10.0 5703.7
148 23.484 67.564 0.84 31.15
149 28.241 69.198 4.23 31.15
150 24.036 67.18 0.52 31.15
151 80.1 22.431 8.12 42.16
152 86.263 31.333 3.33 42.16
153 91.899 25.406 6.48 42.16
154 95.135 29.708 9.32 42.16
155 83.504 22.322 3.7 46.96
156 82.729 79.765 5.14 40.59
157 73.502 80.259 4.13 40.59
158 85.386 82.259 8.19 40.59
159 80.468 76.715 4.19 40.59
160 70.503 83.395 7.97 40.59
161 10.869 37.621 7.06 39.8
162 8.457 31.38 6.23 39.8
163 9.542 43.073 4.9 121.24
164 7.929 35.318 7.67 39.8
165 8.978 48.074 10.0 5703.7
166 38.763 25.965 3.5 29.89
167 39.191 20.415 2.27 29.89
168 39.369 21.887 1.23 29.89
169 38.381 31.63 10.0 5703.7
170 31.581 28.401 4.83 30.99
171 81.543 25.837 7.24 46.96
172 86.422 26.222 1.86 42.16
173 84.702 28.207 7.5 46.96
174 89.058 29.596 3.46 42.16
175 87.926 19.551 1.79 46.96
176 7.951 94.119 10.0 5703.7
177 14.248 98.218 8.88 91.34
178 11.984 97.335 8.18 91.34
179 14.103 89.115 0.43 91.34
180 9.472 95.665 7.63 91.34
181 48.623 18.998 8.03 92.08
182 56.329 14.838 0.8 92.08
183 60.662 14.289 4.98 92.08
184 54.931 16.452 10.0 5703.7
185 55.666 6.025 9.45 92.08
186 54.048 39.876 6.43 11.94
187 53.312 36.942 4.97 8.82
188 47.579 32.362 5.91 11.94
189 43.009 36.1 5.28 11.94
190 51.477 36.347 4.13 11.94
191 65.465 18.111 4.6 30.94
192 59.595 21.71 7.3 92.08
193 56.355 26.691 8.94 30.94
194 63.534 22.72 9.64 21.12
195 59.651 22.38 7.91 92.08
196 70.877 65.031 8.57 23.35
197 62.626 67.97 1.39 23.35
198 60.952 74.029 5.45 23.35
199 69.937 71.928 7.15 23.35
200 68.371 69.133 10.0 5703.7
Old Students: 54 134 112 39 173 103 67 101 125 199 102 62 42 97 145 86 44 136 131 24 72 36 186 27 157 45 181 23 21 29 49 143 128 167 162 50 106 133 108 73 58 55 114 64 77 115 149 151 100 190 150 197 51 75 20 117 178 4 171 179 116 155 107 130 2 78 187 81 82 13 32 46 84 12 79 94 8 35 96 105 195 69 31 30 120 71 129 193 152 163 9 156 6 132 185 142 170 17 83 80 198 148 109 57 10 159 183 65 56 182 14 158 19 34 61 99 53 122 175 38 154 160 7 43 111 196 5 188 11 90 138 18 33 28 89 135 47 146 153 166 192 85 26 127 189 41 118 140 60 87 76 59 123 91 180 1 164 191 172 22 144 174 25 68 63 15 177 168 124 92 126 161 70 141 104 194 37 121 95 3 
New Students: 147 200 165 137 66 119 74 110 184 98 52 176 88 139 113 169 48 40 93 16 