71 stops, 90 old_students, 10 new_students, 10.0 max_walk, 45 capacity
1 50.0 50.0
2 26.682 32.662
3 42.352 17.093
4 28.952 49.332
5 83.251 21.004
6 22.774 35.935
7 12.196 31.343
8 86.646 51.726
9 14.218 19.87
10 70.413 89.057
11 74.612 77.596
12 34.076 39.715
13 14.995 32.74
14 30.924 36.714
15 23.607 35.335
16 24.519 38.857
17 16.927 33.591
18 31.497 30.537
19 27.719 32.899
20 17.454 23.741
21 27.516 36.101
22 44.252 10.725
23 42.451 19.39
24 41.734 17.158
25 51.836 12.64
26 51.589 15.341
27 41.678 19.324
28 51.443 17.387
29 37.882 5.344
30 43.541 18.425
31 38.749 19.021
32 25.933 45.873
33 31.287 33.436
34 31.146 64.913
35 32.041 54.578
36 28.505 43.22
37 28.13 45.407
38 34.253 44.204
39 35.817 49.485
40 28.746 49.082
41 25.499 52.223
42 75.884 21.609
43 82.282 16.625
44 84.434 32.743
45 84.119 26.891
46 78.317 8.354
47 91.449 16.833
48 85.092 22.904
49 81.797 14.205
50 80.315 6.857
51 77.104 23.766
52 22.81 38.961
53 31.276 34.727
54 23.874 42.502
55 29.03 37.984
56 14.444 40.396
57 38.837 31.371
58 27.597 35.596
59 15.314 29.481
60 11.411 37.773
61 27.832 27.617
62 12.489 31.912
63 15.683 36.805
64 7.162 25.54
65 1.097 39.351
66 7.902 35.183
67 3.544 35.929
68 13.665 33.604
69 7.009 37.842
70 15.826 26.796
1 31.462 30.197 10.0 3132.87
2 19.951 34.834 7.69 30.46
3 29.724 33.24 3.18 30.46
4 24.371 36.656 3.4 30.46
5 26.153 32.825 10.0 3132.87
6 17.03 34.619 2.77 43.38
7 28.948 26.8 8.9 30.46
8 25.776 30.899 10.0 3132.87
9 22.187 29.043 6.75 52.48
10 25.068 31.949 4.82 29.95
11 41.154 19.824 1.37 55.02
12 40.122 18.829 2.4 55.02
13 42.258 16.754 2.65 55.02
14 45.829 16.78 4.27 55.02
15 47.94 13.574 8.0 55.02
16 43.036 14.119 5.31 55.02
17 47.337 18.292 10.0 3132.87
18 43.096 10.092 9.33 55.02
19 42.51 16.822 2.57 55.02
20 42.389 16.743 2.65 55.02
21 26.149 49.449 9.67 14.2
22 26.523 41.341 5.34 29.95
23 32.245 57.684 8.95 14.2
24 26.468 52.712 9.71 24.57
25 32.792 50.737 3.28 14.2
26 29.886 50.376 6.0 14.2
27 30.079 45.962 4.53 91.11
28 28.58 48.919 7.26 14.2
29 28.397 49.331 7.43 14.2
30 25.97 48.28 9.93 14.2
31 75.743 22.597 7.68 99.44
32 80.755 14.35 7.11 99.44
33 82.691 23.315 6.71 94.95
34 81.409 23.205 2.88 99.44
35 74.382 16.789 10.0 3132.87
36 85.486 12.878 8.43 99.44
37 92.431 23.76 9.59 99.44
38 82.959 20.125 0.93 99.44
39 83.279 11.063 10.0 3132.87
40 78.784 21.676 4.52 99.44
41 25.535 38.57 3.62 30.46
42 22.774 36.009 4.85 30.46
43 24.631 39.626 5.01 30.46
44 28.155 34.835 0.95 30.46
45 13.757 39.118 6.5 43.38
46 30.841 33.43 4.27 29.95
47 22.195 38.916 10.0 3132.87
48 16.007 36.949 4.33 43.38
49 14.755 36.33 4.97 46.02
50 26.047 34.408 1.96 30.46
51 15.189 28.402 1.73 52.48
52 12.388 35.383 9.25 52.48
53 7.088 25.683 8.81 52.48
54 3.381 33.423 9.24 46.02
55 9.923 32.849 2.74 46.02
56 6.12 26.526 8.35 46.02
57 13.172 26.455 5.5 46.02
58 13.95 33.514 6.98 52.48
59 13.337 32.382 6.12 52.48
60 11.095 36.392 5.17 46.66
61 90.066 48.091 5.0 130.35
62 77.915 53.716 8.96 130.35
63 88.355 51.733 1.71 130.35
64 84.772 56.01 4.68 130.35
65 85.161 50.981 1.67 130.35
66 91.421 56.607 6.83 130.35
67 94.845 56.247 9.37 130.35
68 83.448 48.208 4.76 130.35
69 80.011 51.014 6.68 130.35
70 86.626 58.617 10.0 3132.87
71 14.424 15.592 4.29 59.59
72 13.208 18.753 8.46 52.48
73 7.488 22.332 7.17 59.59
74 17.29 18.808 8.13 52.48
75 17.079 19.401 7.51 52.48
76 18.312 19.866 7.37 52.48
77 16.523 18.062 2.93 59.59
78 13.328 25.27 6.7 46.02
79 8.782 25.125 7.74 46.02
80 14.178 19.938 0.08 59.59
81 70.566 91.737 2.69 171.08
82 67.545 94.625 6.27 171.08
83 67.492 88.055 3.09 171.08
84 69.189 87.158 2.26 171.08
85 73.959 90.839 3.97 171.08
86 66.628 89.194 3.79 171.08
87 76.185 86.631 9.18 158.88
88 75.518 93.788 6.97 171.08
89 74.136 86.868 9.29 158.88
90 75.44 89.656 5.07 171.08
91 75.867 79.752 2.5 158.88
92 76.64 82.096 10.0 3132.87
93 75.443 79.103 1.73 158.88
94 75.127 78.123 0.74 158.88
95 73.565 69.019 10.0 3132.87
96 65.878 80.701 9.51 171.08
97 84.527 78.722 9.98 158.88
98 72.768 80.59 8.79 171.08
99 75.46 78.996 1.64 158.88
100 67.056 78.842 7.66 158.88
Old Students: 7 64 11 72 77 93 73 43 15 61 2 31 9 41 87 14 48 10 90 86 6 57 51 25 100 76 84 98 49 68 83 67 32 23 44 54 91 42 69 89 27 63 81 34 20 99 60 55 88 26 28 79 53 19 12 78 3 18 36 50 37 22 94 52 56 82 4 58 13 24 62 16 85 80 45 38 21 75 66 33 46 29 71 30 40 59 97 65 96 74 
New Students: 17 47 35 92 5 95 39 70 8 1 