31 stops, 45 old_students, 5 new_students, 5.0 max_walk, 22 capacity
1 50.0 50.0
2 32.022 70.918
3 84.796 47.972
4 52.861 51.693
5 29.753 71.051
6 61.101 67.859
7 65.115 74.22
8 28.007 28.8
9 16.615 64.081
10 58.484 34.978
11 91.575 34.602
12 31.76 70.082
13 34.623 72.716
14 34.679 68.442
15 36.388 75.646
16 31.387 71.383
17 82.649 47.786
18 85.937 48.181
19 89.36 47.779
20 85.085 44.658
21 82.403 49.005
22 51.995 48.517
23 52.26 48.995
24 54.129 52.431
25 55.523 47.804
26 55.982 54.151
27 33.804 69.303
28 29.192 69.669
29 33.701 67.294
30 31.735 74.601
1 31.743 70.071 2.2 25.2
2 32.163 72.562 3.65 25.2
3 34.218 68.272 1.12 25.2
4 31.774 75.275 5.0 1024.98
5 31.747 71.261 2.84 25.2
6 84.785 48.23 2.19 60.26
7 86.186 49.588 3.97 60.26
8 86.527 46.523 4.08 60.26
9 85.102 48.386 2.53 60.26
10 82.322 48.676 0.95 60.26
11 51.234 53.09 4.23 2.48
12 52.89 47.782 1.37 2.48
13 53.751 50.365 2.03 2.48
14 54.219 47.659 2.38 2.48
15 56.468 50.503 4.48 2.48
16 30.673 71.94 4.1 25.2
17 30.844 68.185 3.17 25.2
18 31.645 69.551 2.18 25.2
19 30.414 71.538 4.07 25.2
20 29.425 71.883 5.0 1024.98
21 65.248 66.511 4.37 99.5
22 56.986 66.538 4.33 99.5
23 58.052 64.451 4.58 99.5
24 59.116 71.071 3.78 99.5
25 60.785 67.852 0.32 99.5
26 63.148 74.235 1.97 91.98
27 62.147 70.255 5.0 1024.98
28 65.167 74.263 5.0 1024.98
29 65.128 69.531 4.69 91.98
30 65.343 74.212 0.23 91.98
31 25.411 31.226 5.0 1024.98
32 27.927 28.529 0.29 80.24
33 28.041 28.801 0.04 80.24
34 27.136 33.662 4.94 80.24
35 28.644 29.588 1.02 80.24
36 14.519 67.628 4.13 43.17
37 15.199 67.699 3.89 43.17
38 17.354 67.163 3.17 43.17
39 11.852 62.754 4.95 43.17
40 16.599 63.992 0.1 43.17
41 54.033 34.075 4.55 111.34
42 55.765 33.342 3.18 111.34
43 56.551 34.437 2.01 111.34
44 56.547 32.479 3.17 111.34
45 58.243 34.636 0.42 111.34
46 87.372 33.654 4.31 44.34
47 88.302 33.208 3.56 44.34
48 95.245 37.843 4.9 44.34
49 92.08 33.141 1.55 44.34
50 91.913 30.675 3.95 44.34
Old Students: 14 29 45 48 5 19 50 26 33 22 32 18 39 24 37 11 17 49 3 6 42 34 41 2 21 16 43 38 35 1 23 25 40 36 30 9 12 15 47 8 10 46 13 7 44 
New Students: 28 20 27 4 31 