61 stops, 90 old_students, 10 new_students, 5.0 max_walk, 22 capacity
1 50.0 50.0
2 22.69 9.555
3 64.545 12.691
4 64.252 70.102
5 57.566 89.623
6 42.903 23.018
7 17.384 63.157
8 77.7 24.829
9 47.622 87.979
10 23.157 85.943
11 60.71 43.916
12 30.527 79.319
13 24.816 80.003
14 58.312 63.2
15 92.792 9.43
16 74.899 83.696
17 92.63 92.616
18 62.947 52.327
19 52.928 87.025
20 50.293 69.43
21 35.358 64.71
22 23.461 8.622
23 19.087 8.547
24 26.406 10.668
25 17.277 8.295
26 16.026 12.987
27 66.443 11.21
28 62.203 15.112
29 62.085 10.374
30 61.63 16.698
31 66.695 14.218
32 60.852 70.46
33 67.436 67.434
34 67.656 67.727
35 68.87 67.831
36 63.869 71.843
37 57.448 88.921
38 56.547 91.262
39 55.845 86.85
40 53.723 87.171
41 61.208 88.124
42 47.012 22.99
43 45.312 23.029
44 42.564 21.005
45 41.952 24.139
46 43.464 24.341
47 16.513 67.404
48 17.73 65.527
49 19.349 62.519
50 12.684 65.963
51 15.94 61.567
52 78.723 26.065
53 80.365 23.595
54 82.068 25.307
55 73.134 23.48
56 77.493 22.094
57 52.091 92.093
58 41.446 82.537
59 44.582 87.585
60 45.85 87.874
1 22.965 9.438 0.96 85.7
2 20.659 9.124 2.85 85.7
3 21.927 8.692 1.16 86.91
4 22.221 8.658 1.25 85.7
5 19.454 11.496 3.78 86.91
6 65.028 13.396 4.74 35.28
7 62.853 10.718 3.63 42.64
8 66.467 9.746 3.52 40.23
9 61.305 16.056 4.68 40.23
10 67.605 14.991 3.83 40.23
11 60.965 69.546 0.93 96.97
12 64.361 68.357 3.36 96.31
13 66.091 70.9 3.54 96.31
14 66.783 68.076 0.95 96.31
15 67.412 70.253 2.54 96.31
16 58.03 89.127 3.34 100.88
17 56.73 93.103 5.0 2631.73
18 58.226 90.32 0.96 96.94
19 55.204 90.738 3.87 78.8
20 58.314 88.646 4.83 78.8
21 45.786 23.979 2.36 112.41
22 43.821 23.374 1.04 112.41
23 43.865 21.019 3.35 112.41
24 42.248 24.256 1.41 113.85
25 45.343 22.514 2.63 112.41
26 16.5 67.46 4.4 35.18
27 18.376 65.349 2.41 35.18
28 19.404 61.949 0.58 33.11
29 15.665 66.66 3.91 35.18
30 16.608 60.739 3.27 33.11
31 78.671 25.58 3.68 39.85
32 77.29 24.001 5.0 2631.73
33 79.777 24.511 1.88 81.5
34 74.846 25.912 4.65 39.85
35 77.879 25.055 1.32 81.5
36 52.295 89.587 2.81 78.8
37 42.96 86.779 3.1 116.24
38 47.765 88.028 1.93 116.24
39 48.085 87.561 4.88 77.99
40 48.779 86.384 3.29 116.24
41 22.811 85.516 0.55 45.25
42 22.768 88.703 2.79 45.25
43 19.128 83.629 4.65 45.25
44 23.202 83.969 4.29 51.42
45 21.313 84.43 2.39 45.25
46 57.515 47.282 5.0 2631.73
47 58.987 43.919 1.73 12.32
48 61.362 44.804 1.11 12.32
49 60.65 43.784 0.15 12.32
50 60.211 47.401 3.53 12.32
51 30.664 79.236 0.17 57.17
52 30.142 79.588 0.47 57.17
53 29.399 81.149 2.15 57.17
54 28.331 78.067 2.53 57.17
55 32.749 80.397 5.0 2631.73
56 25.841 80.541 1.16 51.42
57 26.278 83.39 3.69 51.42
58 26.113 80.094 5.0 2631.73
59 24.411 80.477 5.0 2631.73
60 23.356 80.004 1.47 51.42
61 60.05 62.466 1.89 104.66
62 61.212 62.091 5.0 2631.73
63 58.628 65.498 2.32 104.66
64 57.792 62.674 0.74 104.66
65 58.094 63.23 0.23 104.66
66 94.064 8.557 1.55 59.71
67 88.472 10.308 4.41 59.71
68 89.571 9.452 3.23 59.71
69 93.431 9.953 0.83 59.71
70 91.357 9.91 1.52 59.71
71 75.697 80.46 3.34 41.9
72 74.897 83.693 0.01 41.9
73 74.961 83.423 0.28 41.9
74 73.588 83.213 5.0 2631.73
75 75.341 87.979 4.31 41.9
76 90.296 93.164 2.4 61.75
77 91.489 93.587 1.5 61.75
78 94.759 91.42 2.45 61.75
79 92.314 88.446 5.0 2631.73
80 89.667 96.416 4.82 61.75
81 59.344 55.695 4.94 112.14
82 62.341 54.643 2.4 112.14
83 66.578 50.752 3.96 112.14
84 64.111 50.755 1.96 112.14
85 66.571 51.698 3.68 112.14
86 54.935 87.364 3.47 96.94
87 51.482 87.082 1.45 77.99
88 52.108 88.495 1.69 77.99
89 57.485 86.508 4.06 100.88
90 53.945 86.517 4.78 96.94
91 47.716 70.775 2.91 135.21
92 49.553 68.982 0.87 135.21
93 50.507 69.71 0.36 135.21
94 48.194 68.966 2.15 135.21
95 50.971 69.758 0.76 135.21
96 34.638 64.936 0.76 20.76
97 36.598 65.86 1.7 20.76
98 34.569 64.562 0.81 20.76
99 30.604 66.133 5.0 2631.73
100 35.361 64.692 0.02 20.76
Old Students: 28 22 31 13 72 6 43 45 47 3 83 48 61 51 94 71 21 30 76 69 70 39 86 2 8 56 88 9 1 44 91 40 66 49 80 20 5 42 52 19 38 25 27 12 73 26 35 10 100 53 36 34 33 16 85 92 54 65 23 41 67 15 14 82 84 50 90 75 95 11 18 98 93 60 87 64 57 37 78 4 63 77 68 7 29 97 96 24 81 89 
New Students: 55 46 59 58 99 62 17 79 32 74 