31 stops, 45 old_students, 5 new_students, 40.0 max_walk, 45 capacity
1 50.0 50.0
2 55.877 59.575
3 59.304 40.919
4 56.804 45.177
5 45.26 41.285
6 49.5 45.867
7 54.242 57.749
8 56.347 42.552
9 45.499 41.476
10 42.067 56.543
11 56.22 44.891
12 73.664 34.539
13 26.515 106.633
14 62.418 59.889
15 31.694 76.311
16 40.596 8.57
17 60.052 53.787
18 71.465 11.076
19 67.719 29.004
20 15.035 32.223
21 76.863 26.536
22 77.926 56.889
23 105.607 39.696
24 47.83 74.399
25 21.291 21.502
26 76.472 48.623
27 58.21 58.154
28 41.829 9.241
29 35.648 56.04
30 38.735 34.64
1 76.608 40.17 20.93 28.62
2 38.121 93.073 36.75 10.29
3 64.424 57.479 22.38 10.29
4 54.758 62.21 17.39 28.62
5 41.944 43.266 13.28 10.29
6 57.41 23.192 21.74 28.62
7 70.137 33.717 36.18 10.29
8 65.904 26.474 20.81 28.62
9 49.095 32.027 25.51 10.29
10 92.838 35.864 37.72 28.62
11 83.958 66.196 34.98 28.62
12 75.701 47.205 34.91 10.29
13 46.947 74.542 31.07 28.62
14 30.95 39.385 25.87 28.62
15 70.314 46.598 29.95 10.29
16 64.143 74.36 30.52 28.62
17 39.009 20.844 35.83 10.29
18 43.13 58.729 19.05 28.62
19 45.275 41.25 40.0 1012.55
20 45.404 41.297 11.4 28.62
21 27.944 72.494 21.31 10.29
22 47.783 68.98 25.53 28.62
23 35.797 56.505 6.28 10.29
24 22.11 55.89 40.0 1012.55
25 48.133 15.648 30.35 28.62
26 47.84 20.057 40.0 1012.55
27 61.238 51.985 19.71 10.29
28 22.154 63.909 21.24 10.29
29 74.132 54.091 32.16 10.29
30 54.898 55.06 40.0 1012.55
31 60.159 28.816 16.56 28.62
32 76.993 66.231 29.79 28.62
33 37.813 51.815 19.67 28.62
34 34.931 33.513 24.12 10.29
35 31.494 14.862 40.0 1012.55
36 80.538 44.663 24.32 28.62
37 44.292 43.081 13.65 10.29
38 39.255 52.197 5.18 10.29
39 45.751 73.585 30.55 28.62
40 45.943 41.8 10.74 28.62
41 20.639 62.128 39.54 28.62
42 12.757 29.642 39.79 10.29
43 40.983 50.355 6.29 10.29
44 53.983 79.409 34.6 28.62
45 12.253 65.246 31.06 10.29
46 69.134 57.669 27.1 10.29
47 55.716 57.027 13.66 10.29
48 31.391 71.953 36.73 28.62
49 63.705 43.609 25.21 10.29
50 43.053 23.471 25.15 28.62
Old Students: 43 6 22 13 31 36 28 39 9 20 7 27 47 12 32 1 10 48 14 50 41 25 44 17 42 18 5 23 29 2 38 37 15 46 16 45 49 21 33 11 34 4 40 3 8 
New Students: 19 24 35 26 30 