61 stops, 90 old_students, 10 new_students, 10.0 max_walk, 22 capacity
1 50.0 50.0
2 40.986 11.83
3 38.847 23.073
4 64.103 60.099
5 73.117 74.171
6 58.672 66.364
7 16.971 39.3
8 67.286 70.184
9 24.784 73.048
10 65.263 15.824
11 42.453 39.7
12 15.761 81.282
13 21.149 48.672
14 25.301 69.952
15 54.926 69.469
16 18.089 73.435
17 21.536 86.711
18 73.877 25.506
19 17.193 11.057
20 26.785 67.262
21 64.75 14.204
22 36.62 16.004
23 41.506 8.617
24 41.926 15.072
25 34.945 1.269
26 45.611 5.393
27 45.635 26.074
28 42.933 15.124
29 44.441 23.508
30 37.412 26.407
31 41.125 31.98
32 63.146 60.104
33 57.652 60.543
34 70.317 62.197
35 64.632 59.973
36 66.114 62.823
37 73.802 71.951
38 72.019 68.203
39 64.22 81.934
40 66.874 78.91
41 63.895 79.418
42 59.709 56.358
43 56.18 66.02
44 58.15 72.156
45 69.526 71.492
46 67.0 63.169
47 27.631 38.012
48 25.704 42.445
49 22.657 35.844
50 13.966 31.491
51 16.502 41.701
52 69.616 70.851
53 64.459 72.254
54 83.071 61.621
55 62.404 68.925
56 66.314 77.633
57 37.611 78.628
58 34.275 70.683
59 25.835 69.538
60 24.411 72.998
1 38.405 16.024 1.79 39.16
2 41.971 17.023 5.45 39.16
3 39.853 16.028 8.78 101.19
4 33.502 7.882 8.7 39.16
5 36.969 8.17 10.0 2327.08
6 44.609 26.016 1.03 24.33
7 43.179 20.944 4.83 31.75
8 48.005 21.924 10.0 2327.08
9 39.421 22.775 0.65 31.75
10 45.569 28.006 8.34 31.75
11 70.232 55.773 8.31 16.59
12 62.046 62.081 10.0 2327.08
13 62.148 59.55 7.65 150.41
14 68.285 62.76 8.82 52.98
15 64.094 61.911 10.0 2327.08
16 72.894 71.197 2.99 42.69
17 76.916 69.031 6.4 42.69
18 70.945 80.281 6.49 42.69
19 71.138 78.892 7.58 52.98
20 64.721 78.973 9.47 144.59
21 59.83 56.634 9.8 150.41
22 54.736 57.215 8.9 16.59
23 52.132 70.439 6.0 153.31
24 59.653 72.138 7.04 153.31
25 66.984 63.18 8.91 150.41
26 22.721 39.953 5.28 82.04
27 21.622 40.697 4.97 76.61
28 21.378 33.963 2.28 76.61
29 13.563 33.525 9.39 76.61
30 16.049 42.05 9.07 76.61
31 64.909 66.176 6.14 143.42
32 67.65 72.289 5.79 42.69
33 74.746 64.23 9.55 159.98
34 64.741 72.299 8.49 150.41
35 67.072 70.21 10.0 2327.08
36 30.938 71.899 6.23 129.39
37 25.028 74.339 7.0 118.72
38 24.633 70.043 0.68 107.51
39 25.065 80.376 9.85 118.72
40 31.347 68.173 4.66 129.39
41 65.35 15.538 0.3 77.15
42 70.297 13.906 5.39 77.15
43 71.587 11.806 10.0 2327.08
44 68.698 16.043 3.45 77.15
45 71.704 11.548 7.74 77.15
46 38.229 46.697 8.18 154.52
47 45.04 38.536 7.64 20.09
48 43.817 36.72 5.46 20.09
49 37.344 34.834 4.74 20.09
50 48.506 40.24 6.08 154.52
51 13.189 80.673 8.75 118.72
52 17.802 80.05 6.63 118.72
53 20.536 84.88 2.09 98.65
54 19.038 81.712 8.34 118.72
55 23.256 85.544 2.08 98.65
56 29.986 45.225 7.59 82.04
57 21.75 56.452 7.81 44.99
58 14.455 54.229 8.7 44.99
59 22.748 52.316 3.98 44.99
60 13.8 50.823 7.66 44.99
61 26.985 70.25 3.0 129.39
62 20.1 66.156 7.56 118.72
63 27.071 69.694 9.73 118.72
64 19.642 61.968 9.79 107.51
65 28.006 77.781 8.29 107.51
66 59.028 67.858 1.54 150.41
67 53.597 69.811 4.59 153.31
68 54.615 67.898 2.45 153.31
69 54.927 68.547 4.34 150.41
70 51.915 65.254 6.85 150.41
71 14.79 73.882 3.33 118.72
72 17.464 70.324 9.82 129.39
73 18.527 70.218 6.87 112.7
74 18.999 71.815 10.0 2327.08
75 19.127 73.086 7.59 108.18
76 28.961 86.873 7.43 98.65
77 12.706 90.927 9.79 98.65
78 30.191 83.583 8.93 123.06
79 17.27 91.242 6.23 98.65
80 21.849 93.045 6.35 98.65
81 82.155 27.131 8.44 274.37
82 77.905 16.705 9.68 274.37
83 81.476 29.619 8.65 274.37
84 77.872 28.595 5.05 274.37
85 77.474 33.122 8.43 274.37
86 23.036 15.581 10.0 2327.08
87 19.458 11.345 2.29 208.24
88 18.351 13.26 2.49 208.24
89 19.019 16.946 6.17 208.24
90 24.448 15.604 8.57 208.24
91 28.869 73.429 4.99 107.51
92 30.269 74.053 7.64 129.39
93 25.442 65.326 10.0 2327.08
94 18.406 67.131 10.0 2327.08
95 23.574 75.629 5.94 107.51
96 72.191 12.309 7.77 77.15
97 58.364 20.586 8.39 77.15
98 59.871 9.876 8.03 77.15
99 65.439 14.624 1.22 77.15
100 67.357 22.505 8.71 78.85
Old Students: 28 2 38 70 39 91 96 73 100 11 65 67 62 54 89 48 50 82 92 52 33 78 76 9 21 61 42 24 45 51 68 47 49 56 79 53 46 72 95 7 4 29 16 32 40 77 31 1 66 27 83 41 81 44 98 71 55 25 75 37 60 18 59 69 97 3 13 57 99 90 85 14 19 26 58 63 64 22 10 80 34 17 23 20 84 87 36 6 30 88 
New Students: 12 8 74 94 15 35 93 43 5 86 