71 stops, 90 old_students, 10 new_students, 10.0 max_walk, 22 capacity
1 50.0 50.0
2 17.47 63.462
3 18.755 37.849
4 76.805 56.574
5 74.003 53.036
6 34.044 14.316
7 78.487 78.667
8 38.838 35.881
9 28.524 46.266
10 86.998 26.77
11 51.411 50.346
12 22.622 68.236
13 20.472 68.698
14 16.819 64.468
15 11.809 64.257
16 12.177 70.771
17 15.343 66.877
18 22.507 52.62
19 15.644 71.893
20 8.808 63.187
21 13.854 49.425
22 19.531 35.017
23 17.511 41.39
24 26.218 37.64
25 28.314 42.824
26 21.139 46.168
27 20.39 38.636
28 20.243 36.641
29 17.521 30.369
30 23.335 39.354
31 25.099 42.874
32 70.329 63.072
33 74.031 49.773
34 65.435 68.763
35 75.26 54.485
36 62.011 55.736
37 77.029 57.39
38 82.259 54.842
39 76.362 58.245
40 74.563 45.03
41 88.273 47.918
42 71.392 52.584
43 68.28 55.092
44 70.843 47.387
45 77.972 55.508
46 70.355 43.25
47 86.001 51.642
48 69.036 53.093
49 67.272 60.114
50 74.789 50.638
51 86.174 59.162
52 32.724 13.254
53 33.387 13.039
54 35.605 12.862
55 32.711 16.069
56 33.372 6.13
57 28.416 8.589
58 37.774 19.588
59 35.783 11.774
60 32.368 8.707
61 39.342 14.962
62 66.523 83.588
63 78.935 72.628
64 83.191 70.474
65 70.926 76.254
66 78.374 79.481
67 80.939 82.248
68 82.186 86.224
69 76.03 82.762
70 83.031 75.082
1 16.917 72.452 9.01 35.21
2 13.449 68.527 6.47 35.21
3 19.052 66.148 3.12 35.21
4 16.332 62.08 1.8 35.21
5 19.423 70.046 6.87 35.21
6 18.787 68.683 5.39 35.21
7 18.275 61.573 2.06 35.21
8 21.083 68.646 6.32 35.21
9 14.196 61.134 10.0 3277.24
10 16.367 57.085 6.48 35.21
11 18.875 38.988 1.56 62.67
12 11.236 40.471 9.34 62.67
13 21.192 40.561 9.3 21.8
14 25.905 41.037 7.83 60.86
15 22.174 45.741 8.61 60.86
16 19.634 38.966 1.43 60.86
17 18.168 35.742 3.65 62.67
18 17.95 30.416 7.48 60.86
19 16.215 40.869 3.95 60.86
20 19.395 37.486 1.53 62.67
21 70.622 62.785 8.38 28.03
22 74.928 54.775 7.34 72.16
23 73.732 63.907 7.31 28.03
24 78.41 55.763 2.14 28.03
25 68.425 57.023 8.62 28.03
26 77.104 57.323 5.73 72.16
27 80.327 55.98 3.59 28.03
28 75.228 57.799 10.0 3277.24
29 75.504 51.404 6.18 28.03
30 82.337 54.874 5.88 28.03
31 74.893 54.475 7.38 72.16
32 69.87 55.891 7.32 28.03
33 72.748 52.126 6.79 28.03
34 77.45 52.446 4.97 28.03
35 75.915 51.52 5.98 28.03
36 82.649 49.695 10.0 3277.24
37 72.931 50.191 10.0 3277.24
38 68.664 59.039 8.53 28.03
39 76.495 49.718 7.7 28.03
40 77.022 60.133 2.75 28.03
41 37.266 18.512 6.95 41.44
42 31.439 13.572 10.0 3277.24
43 34.506 10.209 3.05 42.14
44 32.179 15.159 1.99 41.44
45 36.664 5.348 8.84 41.44
46 37.467 7.412 7.53 41.44
47 41.835 15.073 9.3 41.44
48 33.152 9.282 4.0 41.44
49 33.509 8.479 10.0 3277.24
50 37.724 13.154 4.34 42.14
51 73.268 83.732 10.0 3277.24
52 78.664 78.252 4.6 102.49
53 83.499 70.89 4.89 90.25
54 71.009 75.59 8.47 90.25
55 78.802 78.7 5.57 95.03
56 81.996 79.451 3.63 106.27
57 76.172 81.1 8.92 90.25
58 75.764 83.081 4.45 106.27
59 80.25 72.386 3.88 95.03
60 82.404 77.598 4.88 102.49
61 45.839 30.272 8.98 18.0
62 33.873 36.847 5.06 18.0
63 38.858 35.852 0.04 18.0
64 39.051 35.03 0.88 18.0
65 41.144 39.828 4.58 18.0
66 32.234 42.133 9.1 18.0
67 39.809 40.873 5.09 18.0
68 44.84 38.104 6.41 18.0
69 36.534 36.708 2.45 18.0
70 38.19 34.088 1.91 18.0
71 28.752 46.307 0.24 21.8
72 35.411 47.33 6.97 21.8
73 30.678 38.913 7.67 21.8
74 25.084 45.919 8.67 62.67
75 30.533 45.208 2.28 21.8
76 25.687 39.369 10.0 3277.24
77 33.464 37.622 5.65 18.0
78 30.858 51.677 5.9 21.8
79 24.446 50.618 5.97 21.8
80 33.006 44.645 4.77 21.8
81 86.764 27.878 1.14 43.69
82 87.303 24.015 2.78 43.69
83 86.119 16.986 9.83 43.69
84 87.53 28.141 1.48 43.69
85 77.907 29.489 9.49 43.69
86 92.565 28.664 5.89 43.69
87 86.549 27.95 1.27 43.69
88 89.507 25.527 2.81 43.69
89 92.357 34.622 10.0 3277.24
90 78.269 28.971 10.0 3277.24
91 56.956 54.628 7.01 1.46
92 47.868 51.369 3.69 1.46
93 48.775 47.494 3.89 1.46
94 51.578 44.437 5.92 1.46
95 54.908 52.652 4.19 1.46
96 51.626 48.197 2.16 1.46
97 51.98 46.963 3.44 1.46
98 47.461 52.748 4.63 1.46
99 50.739 50.943 0.9 1.46
100 47.815 47.514 4.58 1.46
Old Students: 67 100 46 4 57 40 27 62 22 30 75 47 59 81 12 68 25 11 94 5 55 21 8 39 6 82 1 26 60 74 87 15 99 54 44 56 64 34 96 80 53 3 95 17 31 71 43 13 93 98 88 7 72 70 77 33 38 85 83 52 10 48 32 86 73 69 97 20 61 18 19 23 66 63 58 29 78 16 45 41 91 14 92 79 35 24 2 84 50 65 
New Students: 37 76 90 49 36 42 89 9 51 28 