61 stops, 90 old_students, 10 new_students, 5.0 max_walk, 45 capacity
1 50.0 50.0
2 24.778 89.137
3 90.736 71.401
4 71.933 63.006
5 88.052 24.593
6 72.29 90.893
7 60.16 11.402
8 20.901 94.576
9 6.885 57.518
10 14.858 30.642
11 18.329 64.378
12 11.793 37.818
13 15.581 50.321
14 23.687 60.239
15 74.36 53.139
16 38.418 10.964
17 19.415 71.44
18 38.252 53.102
19 34.332 46.98
20 38.874 10.712
21 29.409 60.179
22 26.762 90.355
23 24.647 88.584
24 24.854 89.081
25 20.433 88.701
26 25.198 87.361
27 92.415 69.757
28 89.337 70.758
29 92.109 75.172
30 89.382 70.715
31 92.33 71.385
32 69.298 63.543
33 73.914 60.966
34 72.433 63.93
35 69.911 61.258
36 70.397 65.206
37 87.507 26.684
38 85.006 28.523
39 88.605 21.976
40 89.192 27.383
41 84.699 26.252
42 68.26 97.639
43 69.461 87.732
44 73.724 86.597
45 73.263 89.659
46 68.724 93.741
47 63.026 10.478
48 60.919 11.084
49 58.941 12.863
50 62.662 15.597
51 59.876 12.174
52 24.6 99.074
53 23.039 101.278
54 17.658 99.544
55 21.816 93.388
56 19.169 92.12
57 7.724 55.665
58 4.718 52.583
59 7.482 60.06
60 9.967 61.781
1 23.753 89.117 1.11 270.19
2 28.957 87.798 4.3 270.19
3 24.834 89.107 0.04 270.19
4 24.011 88.397 1.58 288.04
5 24.39 87.577 1.58 270.19
6 90.029 70.499 2.47 185.51
7 90.206 70.374 2.36 185.51
8 94.337 71.667 2.03 185.51
9 90.014 71.222 0.83 188.57
10 88.495 73.665 3.03 188.57
11 68.475 63.877 3.96 162.41
12 75.017 61.384 3.49 163.46
13 73.609 64.528 1.32 162.41
14 67.549 60.781 4.92 163.46
15 71.513 63.668 0.79 163.46
16 89.503 24.164 2.37 117.44
17 87.696 25.058 0.59 114.77
18 85.492 22.311 3.43 114.77
19 89.647 23.866 1.76 114.77
20 87.902 24.695 0.19 114.77
21 71.66 95.075 3.23 219.51
22 72.737 89.197 1.76 214.95
23 72.709 90.508 5.0 3634.09
24 72.297 88.077 2.86 225.57
25 68.35 93.432 0.49 219.51
26 60.613 10.375 0.78 83.09
27 60.744 10.074 1.46 83.92
28 58.478 12.813 3.0 83.09
29 60.881 14.283 2.34 39.1
30 59.338 13.345 1.29 39.1
31 23.012 98.239 4.23 279.65
32 19.745 99.336 4.9 279.65
33 17.239 94.637 3.18 276.64
34 19.462 94.703 2.6 276.64
35 19.81 92.322 0.68 276.64
36 5.441 54.042 3.77 70.58
37 7.067 55.741 1.79 70.58
38 7.291 57.517 0.41 70.58
39 7.835 57.857 5.0 3634.09
40 10.214 54.491 4.5 70.58
41 19.664 31.943 4.98 98.62
42 17.539 31.11 2.73 98.62
43 10.79 30.921 4.08 98.62
44 14.879 30.611 5.0 3634.09
45 14.811 30.652 0.05 98.62
46 18.094 59.568 4.82 56.3
47 15.311 67.378 4.26 56.3
48 18.773 62.95 1.5 56.3
49 20.745 62.683 2.96 56.3
50 18.474 64.099 0.32 56.3
51 6.845 37.858 4.95 106.42
52 12.745 38.095 1.0 106.42
53 8.652 36.173 3.55 106.42
54 12.804 36.12 1.98 106.42
55 11.943 37.983 0.23 106.42
56 15.997 51.138 0.92 119.49
57 15.842 51.971 1.68 119.49
58 19.681 52.438 4.62 119.49
59 14.076 50.057 1.53 119.49
60 16.575 52.807 2.68 119.49
61 24.56 58.829 1.66 28.38
62 24.237 58.704 1.64 28.38
63 23.574 61.003 0.78 28.38
64 26.113 62.503 4.04 34.1
65 21.451 62.755 3.52 56.3
66 75.581 54.281 5.0 3634.09
67 74.515 52.712 5.0 3634.09
68 70.87 54.473 3.74 178.33
69 75.558 52.765 1.26 178.33
70 74.567 50.358 2.79 178.33
71 39.48 7.576 3.56 60.59
72 38.635 11.123 0.27 60.59
73 39.25 10.291 5.0 3634.09
74 42.232 9.361 4.14 60.59
75 38.172 9.711 1.28 60.59
76 22.878 72.064 3.52 49.15
77 21.783 72.315 2.53 49.15
78 19.779 71.464 0.37 49.15
79 17.993 71.469 1.43 49.15
80 21.754 71.998 2.41 49.15
81 36.002 49.953 5.0 3634.09
82 35.309 51.165 4.3 329.44
83 42.445 51.775 4.4 12.16
84 38.563 55.978 2.9 12.16
85 42.157 52.321 3.99 12.16
86 35.588 50.216 3.93 12.16
87 34.074 49.845 2.88 329.44
88 34.276 47.296 0.33 329.44
89 33.014 46.368 1.46 329.44
90 36.437 42.534 5.0 3634.09
91 38.061 7.251 5.0 3634.09
92 37.802 8.708 2.34 60.59
93 37.482 7.979 3.13 60.59
94 36.905 14.214 5.0 3634.09
95 40.305 9.11 2.65 60.59
96 29.025 60.208 0.39 34.1
97 28.223 58.121 2.38 34.1
98 31.928 57.913 3.39 34.1
99 28.237 62.003 2.17 34.1
100 29.374 60.175 0.04 34.1
Old Students: 62 61 28 31 18 37 98 38 69 60 82 46 34 99 80 74 24 4 71 79 22 56 7 36 63 17 84 48 68 58 13 52 19 21 88 45 8 27 11 85 65 29 32 72 76 35 54 95 1 70 30 92 47 75 96 26 5 41 89 16 93 55 43 50 77 14 42 59 25 87 3 100 15 86 97 40 33 12 83 53 6 51 78 49 20 64 10 57 9 2 
New Students: 66 90 39 23 44 81 94 91 73 67 