31 stops, 45 old_students, 5 new_students, 20.0 max_walk, 22 capacity
1 50.0 50.0
2 49.057 49.386
3 69.842 59.098
4 54.451 55.478
5 44.361 59.301
6 79.614 64.363
7 39.602 50.326
8 77.052 38.752
9 47.603 41.295
10 66.305 24.368
11 69.338 59.11
12 41.171 48.576
13 37.207 49.06
14 48.458 35.567
15 46.782 46.935
16 40.698 62.105
17 76.202 43.513
18 87.738 60.009
19 57.451 39.372
20 68.615 62.379
21 59.533 72.493
22 76.668 61.909
23 37.162 51.063
24 38.182 61.413
25 66.938 46.023
26 25.167 63.232
27 36.104 60.049
28 60.915 51.621
29 44.683 74.465
30 44.768 69.788
1 49.885 48.245 8.73 8.95
2 45.911 64.587 15.53 1.13
3 36.207 38.377 11.35 8.95
4 49.567 49.407 8.44 8.95
5 45.465 49.063 4.33 8.95
6 58.713 44.354 18.05 8.95
7 87.62 50.253 15.62 29.86
8 63.431 41.757 16.28 1.13
9 60.041 46.927 18.95 8.95
10 67.008 72.738 15.14 55.6
11 66.072 49.504 17.02 1.13
12 55.247 56.512 20.0 693.33
13 46.664 50.296 2.57 1.13
14 66.711 43.686 11.46 29.86
15 36.34 59.518 11.97 8.95
16 37.082 63.274 15.26 8.95
17 50.952 44.586 10.57 8.95
18 58.56 68.419 13.58 82.28
19 44.834 69.236 16.79 82.28
20 56.307 49.437 7.26 1.13
21 71.016 63.634 8.63 55.6
22 77.671 83.929 19.67 55.6
23 77.256 62.276 19.26 17.4
24 80.441 66.923 2.7 55.6
25 63.849 71.297 17.23 55.6
26 30.116 44.416 11.82 8.95
27 35.957 59.278 11.91 8.95
28 34.888 61.545 14.42 8.95
29 23.065 53.488 18.77 8.95
30 38.464 53.085 11.23 1.13
31 63.773 32.574 14.65 29.86
32 78.429 29.558 9.3 29.86
33 76.91 39.058 12.17 17.4
34 84.218 50.753 14.37 55.6
35 80.637 32.64 7.09 29.86
36 51.95 34.621 17.64 8.95
37 57.156 45.314 9.81 17.4
38 33.624 54.051 9.33 8.95
39 35.626 54.515 8.13 8.95
40 42.029 41.269 7.36 8.95
41 69.82 20.996 19.18 29.86
42 74.613 39.146 2.48 29.86
43 69.232 22.709 20.0 693.33
44 73.855 22.176 20.0 693.33
45 76.799 36.771 2.0 29.86
46 56.818 52.893 20.0 693.33
47 73.047 76.308 13.64 55.6
48 81.617 74.418 20.0 693.33
49 69.47 58.946 11.5 55.6
50 73.496 71.392 9.32 55.6
Old Students: 50 21 1 37 34 18 25 41 27 19 36 20 33 24 10 31 28 22 4 42 5 29 35 49 2 47 16 9 15 14 13 11 45 38 7 6 30 17 23 40 26 8 3 32 39 
New Students: 46 48 43 44 12 