61 stops, 90 old_students, 10 new_students, 20.0 max_walk, 22 capacity
1 50.0 50.0
2 71.223 20.318
3 76.956 31.427
4 21.486 78.088
5 70.478 30.606
6 25.55 76.127
7 27.455 40.32
8 46.385 27.688
9 53.229 75.821
10 51.105 39.155
11 47.179 55.369
12 37.185 32.434
13 52.859 27.834
14 57.935 55.237
15 76.227 43.84
16 28.043 61.329
17 59.393 23.462
18 58.553 43.173
19 40.854 40.489
20 27.77 26.054
21 31.303 63.684
22 73.294 23.214
23 76.605 42.986
24 75.604 10.235
25 54.202 19.707
26 60.246 20.186
27 91.912 30.118
28 66.123 2.952
29 82.138 26.054
30 91.482 17.517
31 71.684 30.156
32 29.826 75.804
33 16.602 64.519
34 9.442 58.181
35 30.076 107.839
36 37.297 66.811
37 56.562 40.913
38 89.568 43.391
39 59.526 31.268
40 76.351 31.171
41 49.373 19.109
42 39.137 78.983
43 28.039 85.795
44 42.578 64.924
45 37.882 57.166
46 25.762 73.434
47 22.516 58.953
48 33.062 35.479
49 28.624 49.928
50 29.518 57.729
51 21.752 43.887
52 66.265 31.167
53 38.095 47.224
54 30.366 30.457
55 48.145 16.001
56 41.996 19.354
57 55.392 61.953
58 58.804 77.824
59 59.439 88.259
60 52.437 72.854
1 66.048 35.64 14.39 35.5
2 72.964 28.183 4.98 35.5
3 72.324 16.348 6.94 35.5
4 69.338 19.432 12.14 24.89
5 78.325 17.998 14.86 31.69
6 80.847 28.689 9.33 35.5
7 71.445 20.636 3.18 35.5
8 69.645 23.174 7.48 31.69
9 89.514 16.104 17.71 35.5
10 80.879 25.327 7.88 35.5
11 32.219 81.735 6.4 32.76
12 32.679 74.482 20.0 2533.89
13 12.675 66.495 19.52 32.76
14 22.995 90.569 20.0 2533.89
15 21.631 78.818 8.74 32.76
16 56.941 42.69 20.0 2533.89
17 87.684 40.069 18.83 30.4
18 53.2 35.276 19.19 30.4
19 76.86 29.878 6.43 31.69
20 54.21 38.422 13.52 13.2
21 32.655 92.42 16.86 32.76
22 27.479 79.398 4.3 32.76
23 24.442 61.235 17.56 28.91
24 37.413 66.958 18.67 13.12
25 33.608 58.482 18.81 28.91
26 20.221 52.131 8.39 28.91
27 38.117 38.069 20.0 2533.89
28 26.858 55.458 12.65 28.91
29 34.702 52.922 13.88 13.2
30 14.314 45.758 7.67 28.91
31 60.7 34.196 16.71 35.5
32 49.378 37.599 9.01 13.2
33 30.786 30.74 5.26 93.36
34 45.294 21.5 18.58 93.36
35 46.434 27.511 18.73 82.55
36 48.076 63.141 7.42 13.12
37 52.398 76.602 1.15 82.09
38 62.309 75.113 14.87 13.12
39 55.462 76.547 2.35 82.09
40 54.207 91.572 15.79 82.09
41 49.894 39.671 9.08 13.2
42 60.553 30.288 9.94 31.69
43 47.702 56.598 9.38 13.12
44 43.706 47.727 18.42 13.12
45 48.473 35.529 18.32 24.89
46 43.357 61.727 19.53 32.76
47 44.886 51.814 12.03 13.2
48 48.078 64.94 9.62 103.42
49 51.877 62.896 3.64 13.12
50 49.98 50.625 12.56 13.12
51 35.249 26.151 15.4 13.2
52 29.53 42.545 7.9 28.91
53 23.451 39.705 4.52 28.91
54 27.402 39.126 7.39 28.91
55 30.805 33.67 13.66 28.91
56 68.965 20.619 10.11 31.69
57 42.008 19.831 15.54 82.55
58 57.489 30.267 19.53 13.2
59 47.366 37.096 18.28 103.42
60 72.609 29.028 5.86 35.5
61 70.613 46.455 12.5 49.01
62 60.446 46.859 15.92 13.12
63 69.091 70.848 16.34 13.12
64 49.106 46.45 10.18 13.2
65 57.916 55.166 7.25 13.12
66 78.369 47.348 18.51 31.69
67 79.519 41.416 14.1 31.69
68 81.172 45.218 20.0 2533.89
69 77.882 39.141 16.58 35.5
70 75.529 58.23 20.0 2533.89
71 37.785 53.29 19.63 13.12
72 26.707 69.673 6.88 32.76
73 30.096 69.228 6.59 32.76
74 45.213 63.645 10.32 13.12
75 13.514 66.998 18.54 32.76
76 57.788 23.404 14.6 31.69
77 62.21 23.97 11.11 35.5
78 56.553 22.616 20.0 2533.89
79 57.586 24.549 14.25 31.69
80 74.476 13.863 17.22 31.69
81 66.79 44.883 14.75 31.69
82 44.897 34.382 20.0 2533.89
83 48.854 28.679 17.2 93.36
84 55.806 34.183 20.0 2533.89
85 61.316 46.403 16.65 13.12
86 32.462 39.335 3.91 93.36
87 53.644 44.944 17.1 13.12
88 42.727 41.665 20.0 2533.89
89 31.928 30.523 6.11 82.55
90 38.697 49.451 17.84 28.91
91 26.382 27.07 17.45 28.91
92 19.214 13.978 14.8 82.55
93 38.564 10.759 18.73 82.55
94 12.373 13.633 19.79 82.55
95 25.052 23.956 3.44 82.55
96 27.598 74.197 2.75 32.76
97 39.186 72.259 14.49 82.09
98 29.551 44.302 7.82 28.91
99 24.814 74.911 5.1 32.76
100 41.261 64.132 14.3 13.12
Old Students: 38 95 75 3 9 63 48 40 73 64 94 6 83 60 29 74 42 59 57 22 1 33 30 98 99 46 15 62 8 13 67 32 36 86 28 89 2 81 50 96 66 53 100 58 76 65 31 49 52 20 80 90 72 11 19 10 18 7 93 34 51 56 4 61 45 41 21 97 55 44 39 25 37 5 43 92 69 87 23 47 71 26 54 35 85 79 24 91 77 17 
New Students: 16 84 14 70 27 68 78 88 12 82 